0.000000000000000000e+00 0.000000000000000000e+00 -0.000000000000000000e+00
0.000000000000000000e+00 1.000000000000000000e+00 -0.000000000000000000e+00
0.000000000000000000e+00 2.000000000000000000e+00 -0.000000000000000000e+00
0.000000000000000000e+00 3.000000000000000000e+00 -0.000000000000000000e+00
0.000000000000000000e+00 4.000000000000000000e+00 -0.000000000000000000e+00
0.000000000000000000e+00 5.000000000000000000e+00 -0.000000000000000000e+00
0.000000000000000000e+00 6.000000000000000000e+00 -0.000000000000000000e+00
0.000000000000000000e+00 7.000000000000000000e+00 -0.000000000000000000e+00
0.000000000000000000e+00 8.000000000000000000e+00 -0.000000000000000000e+00
0.000000000000000000e+00 9.000000000000000000e+00 -0.000000000000000000e+00
0.000000000000000000e+00 1.000000000000000000e+01 -0.000000000000000000e+00
0.000000000000000000e+00 1.100000000000000000e+01 -0.000000000000000000e+00
0.000000000000000000e+00 1.200000000000000000e+01 -0.000000000000000000e+00
0.000000000000000000e+00 1.300000000000000000e+01 -0.000000000000000000e+00
0.000000000000000000e+00 1.400000000000000000e+01 -0.000000000000000000e+00
0.000000000000000000e+00 1.500000000000000000e+01 -0.000000000000000000e+00
0.000000000000000000e+00 1.600000000000000000e+01 -0.000000000000000000e+00
0.000000000000000000e+00 1.700000000000000000e+01 -0.000000000000000000e+00
0.000000000000000000e+00 1.800000000000000000e+01 -0.000000000000000000e+00
0.000000000000000000e+00 1.900000000000000000e+01 -0.000000000000000000e+00
0.000000000000000000e+00 2.000000000000000000e+01 -0.000000000000000000e+00
0.000000000000000000e+00 2.100000000000000000e+01 -0.000000000000000000e+00
0.000000000000000000e+00 2.200000000000000000e+01 -0.000000000000000000e+00
0.000000000000000000e+00 2.300000000000000000e+01 -0.000000000000000000e+00
0.000000000000000000e+00 2.400000000000000000e+01 -0.000000000000000000e+00
0.000000000000000000e+00 2.500000000000000000e+01 -0.000000000000000000e+00
0.000000000000000000e+00 2.600000000000000000e+01 -0.000000000000000000e+00
0.000000000000000000e+00 2.700000000000000000e+01 -0.000000000000000000e+00
0.000000000000000000e+00 2.800000000000000000e+01 -0.000000000000000000e+00
0.000000000000000000e+00 2.900000000000000000e+01 -0.000000000000000000e+00
1.000000000000000000e+00 0.000000000000000000e+00 -0.000000000000000000e+00
1.000000000000000000e+00 1.000000000000000000e+00 -0.000000000000000000e+00
1.000000000000000000e+00 2.000000000000000000e+00 -0.000000000000000000e+00
1.000000000000000000e+00 3.000000000000000000e+00 -0.000000000000000000e+00
1.000000000000000000e+00 4.000000000000000000e+00 -0.000000000000000000e+00
1.000000000000000000e+00 5.000000000000000000e+00 -0.000000000000000000e+00
1.000000000000000000e+00 6.000000000000000000e+00 -0.000000000000000000e+00
1.000000000000000000e+00 7.000000000000000000e+00 -0.000000000000000000e+00
1.000000000000000000e+00 8.000000000000000000e+00 -0.000000000000000000e+00
1.000000000000000000e+00 9.000000000000000000e+00 -0.000000000000000000e+00
1.000000000000000000e+00 1.000000000000000000e+01 -3.334595925252096225e-05
1.000000000000000000e+00 1.100000000000000000e+01 -2.578209247645636129e-04
1.000000000000000000e+00 1.200000000000000000e+01 -6.249713594505107959e-04
1.000000000000000000e+00 1.300000000000000000e+01 -9.680467698064325419e-04
1.000000000000000000e+00 1.400000000000000000e+01 -1.162877126931849458e-03
1.000000000000000000e+00 1.500000000000000000e+01 -1.162877126931849458e-03
1.000000000000000000e+00 1.600000000000000000e+01 -9.680467698064325419e-04
1.000000000000000000e+00 1.700000000000000000e+01 -6.249713594505112296e-04
1.000000000000000000e+00 1.800000000000000000e+01 -2.578209247645636129e-04
1.000000000000000000e+00 1.900000000000000000e+01 -3.334595925252096225e-05
1.000000000000000000e+00 2.000000000000000000e+01 -0.000000000000000000e+00
1.000000000000000000e+00 2.100000000000000000e+01 -0.000000000000000000e+00
1.000000000000000000e+00 2.200000000000000000e+01 -0.000000000000000000e+00
1.000000000000000000e+00 2.300000000000000000e+01 -0.000000000000000000e+00
1.000000000000000000e+00 2.400000000000000000e+01 -0.000000000000000000e+00
1.000000000000000000e+00 2.500000000000000000e+01 -0.000000000000000000e+00
1.000000000000000000e+00 2.600000000000000000e+01 -0.000000000000000000e+00
1.000000000000000000e+00 2.700000000000000000e+01 -0.000000000000000000e+00
1.000000000000000000e+00 2.800000000000000000e+01 -0.000000000000000000e+00
1.000000000000000000e+00 2.900000000000000000e+01 -0.000000000000000000e+00
2.000000000000000000e+00 0.000000000000000000e+00 -0.000000000000000000e+00
2.000000000000000000e+00 1.000000000000000000e+00 -0.000000000000000000e+00
2.000000000000000000e+00 2.000000000000000000e+00 -0.000000000000000000e+00
2.000000000000000000e+00 3.000000000000000000e+00 -0.000000000000000000e+00
2.000000000000000000e+00 4.000000000000000000e+00 -0.000000000000000000e+00
2.000000000000000000e+00 5.000000000000000000e+00 -0.000000000000000000e+00
2.000000000000000000e+00 6.000000000000000000e+00 -0.000000000000000000e+00
2.000000000000000000e+00 7.000000000000000000e+00 -0.000000000000000000e+00
2.000000000000000000e+00 8.000000000000000000e+00 -1.330743067409274243e-04
2.000000000000000000e+00 9.000000000000000000e+00 -1.064012785687936183e-03
2.000000000000000000e+00 1.000000000000000000e+01 -2.857401775697800562e-03
2.000000000000000000e+00 1.100000000000000000e+01 -4.977382737871587429e-03
2.000000000000000000e+00 1.200000000000000000e+01 -6.854692623263216114e-03
2.000000000000000000e+00 1.300000000000000000e+01 -8.156555314365631845e-03
2.000000000000000000e+00 1.400000000000000000e+01 -8.788846541607291465e-03
2.000000000000000000e+00 1.500000000000000000e+01 -8.788846541607291465e-03
2.000000000000000000e+00 1.600000000000000000e+01 -8.156555314365631845e-03
2.000000000000000000e+00 1.700000000000000000e+01 -6.854692623263223920e-03
2.000000000000000000e+00 1.800000000000000000e+01 -4.977382737871587429e-03
2.000000000000000000e+00 1.900000000000000000e+01 -2.857401775697800562e-03
2.000000000000000000e+00 2.000000000000000000e+01 -1.064012785687936400e-03
2.000000000000000000e+00 2.100000000000000000e+01 -1.330743067409274243e-04
2.000000000000000000e+00 2.200000000000000000e+01 -0.000000000000000000e+00
2.000000000000000000e+00 2.300000000000000000e+01 -0.000000000000000000e+00
2.000000000000000000e+00 2.400000000000000000e+01 -0.000000000000000000e+00
2.000000000000000000e+00 2.500000000000000000e+01 -0.000000000000000000e+00
2.000000000000000000e+00 2.600000000000000000e+01 -0.000000000000000000e+00
2.000000000000000000e+00 2.700000000000000000e+01 -0.000000000000000000e+00
2.000000000000000000e+00 2.800000000000000000e+01 -0.000000000000000000e+00
2.000000000000000000e+00 2.900000000000000000e+01 -0.000000000000000000e+00
3.000000000000000000e+00 0.000000000000000000e+00 -0.000000000000000000e+00
3.000000000000000000e+00 1.000000000000000000e+00 -0.000000000000000000e+00
3.000000000000000000e+00 2.000000000000000000e+00 -0.000000000000000000e+00
3.000000000000000000e+00 3.000000000000000000e+00 -0.000000000000000000e+00
3.000000000000000000e+00 4.000000000000000000e+00 -0.000000000000000000e+00
3.000000000000000000e+00 5.000000000000000000e+00 -0.000000000000000000e+00
3.000000000000000000e+00 6.000000000000000000e+00 -1.546276256197095093e-05
3.000000000000000000e+00 7.000000000000000000e+00 -8.965405522733034017e-04
3.000000000000000000e+00 8.000000000000000000e+00 -4.037219999667694854e-03
3.000000000000000000e+00 9.000000000000000000e+00 -9.268182082841547667e-03
3.000000000000000000e+00 1.000000000000000000e+01 -1.525460470336308105e-02
3.000000000000000000e+00 1.100000000000000000e+01 -2.062613267532710168e-02
3.000000000000000000e+00 1.200000000000000000e+01 -2.462214708610804131e-02
3.000000000000000000e+00 1.300000000000000000e+01 -2.708195028473465993e-02
3.000000000000000000e+00 1.400000000000000000e+01 -2.818260069552929944e-02
3.000000000000000000e+00 1.500000000000000000e+01 -2.818260069552929944e-02
3.000000000000000000e+00 1.600000000000000000e+01 -2.708195028473465993e-02
3.000000000000000000e+00 1.700000000000000000e+01 -2.462214708610804131e-02
3.000000000000000000e+00 1.800000000000000000e+01 -2.062613267532710168e-02
3.000000000000000000e+00 1.900000000000000000e+01 -1.525460470336308105e-02
3.000000000000000000e+00 2.000000000000000000e+01 -9.268182082841533789e-03
3.000000000000000000e+00 2.100000000000000000e+01 -4.037219999667694854e-03
3.000000000000000000e+00 2.200000000000000000e+01 -8.965405522753720595e-04
3.000000000000000000e+00 2.300000000000000000e+01 -1.546276256197095093e-05
3.000000000000000000e+00 2.400000000000000000e+01 -0.000000000000000000e+00
3.000000000000000000e+00 2.500000000000000000e+01 -0.000000000000000000e+00
3.000000000000000000e+00 2.600000000000000000e+01 -0.000000000000000000e+00
3.000000000000000000e+00 2.700000000000000000e+01 -0.000000000000000000e+00
3.000000000000000000e+00 2.800000000000000000e+01 -0.000000000000000000e+00
3.000000000000000000e+00 2.900000000000000000e+01 -0.000000000000000000e+00
4.000000000000000000e+00 0.000000000000000000e+00 -0.000000000000000000e+00
4.000000000000000000e+00 1.000000000000000000e+00 -0.000000000000000000e+00
4.000000000000000000e+00 2.000000000000000000e+00 -0.000000000000000000e+00
4.000000000000000000e+00 3.000000000000000000e+00 -0.000000000000000000e+00
4.000000000000000000e+00 4.000000000000000000e+00 -0.000000000000000000e+00
4.000000000000000000e+00 5.000000000000000000e+00 -7.249008429027384943e-05
4.000000000000000000e+00 6.000000000000000000e+00 -1.896312575570594048e-03
4.000000000000000000e+00 7.000000000000000000e+00 -8.029811827370159777e-03
4.000000000000000000e+00 8.000000000000000000e+00 -1.872798581239655188e-02
4.000000000000000000e+00 9.000000000000000000e+00 -3.154493289575024950e-02
4.000000000000000000e+00 1.000000000000000000e+01 -4.338572509214336931e-02
4.000000000000000000e+00 1.100000000000000000e+01 -5.249232264752148880e-02
4.000000000000000000e+00 1.200000000000000000e+01 -5.850663241452825486e-02
4.000000000000000000e+00 1.300000000000000000e+01 -6.185983600690454776e-02
4.000000000000000000e+00 1.400000000000000000e+01 -6.324834430382023087e-02
4.000000000000000000e+00 1.500000000000000000e+01 -6.324834430382023087e-02
4.000000000000000000e+00 1.600000000000000000e+01 -6.185983600690454776e-02
4.000000000000000000e+00 1.700000000000000000e+01 -5.850663241452816465e-02
4.000000000000000000e+00 1.800000000000000000e+01 -5.249232264752148880e-02
4.000000000000000000e+00 1.900000000000000000e+01 -4.338572509214336931e-02
4.000000000000000000e+00 2.000000000000000000e+01 -3.154493289575154014e-02
4.000000000000000000e+00 2.100000000000000000e+01 -1.872798581239655188e-02
4.000000000000000000e+00 2.200000000000000000e+01 -8.029811827370163246e-03
4.000000000000000000e+00 2.300000000000000000e+01 -1.896312575570594048e-03
4.000000000000000000e+00 2.400000000000000000e+01 -7.249008429027384943e-05
4.000000000000000000e+00 2.500000000000000000e+01 -0.000000000000000000e+00
4.000000000000000000e+00 2.600000000000000000e+01 -0.000000000000000000e+00
4.000000000000000000e+00 2.700000000000000000e+01 -0.000000000000000000e+00
4.000000000000000000e+00 2.800000000000000000e+01 -0.000000000000000000e+00
4.000000000000000000e+00 2.900000000000000000e+01 -0.000000000000000000e+00
5.000000000000000000e+00 0.000000000000000000e+00 -0.000000000000000000e+00
5.000000000000000000e+00 1.000000000000000000e+00 -0.000000000000000000e+00
5.000000000000000000e+00 2.000000000000000000e+00 -0.000000000000000000e+00
5.000000000000000000e+00 3.000000000000000000e+00 -0.000000000000000000e+00
5.000000000000000000e+00 4.000000000000000000e+00 -6.558626673881920227e-05
5.000000000000000000e+00 5.000000000000000000e+00 -2.202414003219588419e-03
5.000000000000000000e+00 6.000000000000000000e+00 -1.049787746858912678e-02
5.000000000000000000e+00 7.000000000000000000e+00 -2.725185615919090837e-02
5.000000000000000000e+00 8.000000000000000000e+00 -5.013048996490102049e-02
5.000000000000000000e+00 9.000000000000000000e+00 -7.309289476680083664e-02
5.000000000000000000e+00 1.000000000000000000e+01 -9.116387609036905038e-02
5.000000000000000000e+00 1.100000000000000000e+01 -1.030635203508597914e-01
5.000000000000000000e+00 1.200000000000000000e+01 -1.099590662650899581e-01
5.000000000000000000e+00 1.300000000000000000e+01 -1.133675115382424964e-01
5.000000000000000000e+00 1.400000000000000000e+01 -1.146755570509323530e-01
5.000000000000000000e+00 1.500000000000000000e+01 -1.146755570509323530e-01
5.000000000000000000e+00 1.600000000000000000e+01 -1.133675115382424964e-01
5.000000000000000000e+00 1.700000000000000000e+01 -1.099590662650899442e-01
5.000000000000000000e+00 1.800000000000000000e+01 -1.030635203508597914e-01
5.000000000000000000e+00 1.900000000000000000e+01 -9.116387609036905038e-02
5.000000000000000000e+00 2.000000000000000000e+01 -7.309289476680069786e-02
5.000000000000000000e+00 2.100000000000000000e+01 -5.013048996490102049e-02
5.000000000000000000e+00 2.200000000000000000e+01 -2.725185615919200818e-02
5.000000000000000000e+00 2.300000000000000000e+01 -1.049787746858912678e-02
5.000000000000000000e+00 2.400000000000000000e+01 -2.202414003219588419e-03
5.000000000000000000e+00 2.500000000000000000e+01 -6.558626673881925648e-05
5.000000000000000000e+00 2.600000000000000000e+01 -0.000000000000000000e+00
5.000000000000000000e+00 2.700000000000000000e+01 -0.000000000000000000e+00
5.000000000000000000e+00 2.800000000000000000e+01 -0.000000000000000000e+00
5.000000000000000000e+00 2.900000000000000000e+01 -0.000000000000000000e+00
6.000000000000000000e+00 0.000000000000000000e+00 -0.000000000000000000e+00
6.000000000000000000e+00 1.000000000000000000e+00 -0.000000000000000000e+00
6.000000000000000000e+00 2.000000000000000000e+00 -0.000000000000000000e+00
6.000000000000000000e+00 3.000000000000000000e+00 -1.142899841536983580e-05
6.000000000000000000e+00 4.000000000000000000e+00 -1.535110180223814291e-03
6.000000000000000000e+00 5.000000000000000000e+00 -9.392837735053430684e-03
6.000000000000000000e+00 6.000000000000000000e+00 -2.868399896789323653e-02
6.000000000000000000e+00 7.000000000000000000e+00 -6.069036602923972429e-02
6.000000000000000000e+00 8.000000000000000000e+00 -9.891885175754933091e-02
6.000000000000000000e+00 9.000000000000000000e+00 -1.326617901377347142e-01
6.000000000000000000e+00 1.000000000000000000e+01 -1.556010544836887721e-01
6.000000000000000000e+00 1.100000000000000000e+01 -1.681486196419423873e-01
6.000000000000000000e+00 1.200000000000000000e+01 -1.738721225097272505e-01
6.000000000000000000e+00 1.300000000000000000e+01 -1.761567564895993310e-01
6.000000000000000000e+00 1.400000000000000000e+01 -1.769959871979113752e-01
6.000000000000000000e+00 1.500000000000000000e+01 -1.769959871979113752e-01
6.000000000000000000e+00 1.600000000000000000e+01 -1.761567564895993310e-01
6.000000000000000000e+00 1.700000000000000000e+01 -1.738721225097275003e-01
6.000000000000000000e+00 1.800000000000000000e+01 -1.681486196419423873e-01
6.000000000000000000e+00 1.900000000000000000e+01 -1.556010544836887721e-01
6.000000000000000000e+00 2.000000000000000000e+01 -1.326617901377347974e-01
6.000000000000000000e+00 2.100000000000000000e+01 -9.891885175754933091e-02
6.000000000000000000e+00 2.200000000000000000e+01 -6.069036602924140350e-02
6.000000000000000000e+00 2.300000000000000000e+01 -2.868399896789323653e-02
6.000000000000000000e+00 2.400000000000000000e+01 -9.392837735053430684e-03
6.000000000000000000e+00 2.500000000000000000e+01 -1.535110180222690841e-03
6.000000000000000000e+00 2.600000000000000000e+01 -1.142899841536983580e-05
6.000000000000000000e+00 2.700000000000000000e+01 -0.000000000000000000e+00
6.000000000000000000e+00 2.800000000000000000e+01 -0.000000000000000000e+00
6.000000000000000000e+00 2.900000000000000000e+01 -0.000000000000000000e+00
7.000000000000000000e+00 0.000000000000000000e+00 -0.000000000000000000e+00
7.000000000000000000e+00 1.000000000000000000e+00 -0.000000000000000000e+00
7.000000000000000000e+00 2.000000000000000000e+00 -0.000000000000000000e+00
7.000000000000000000e+00 3.000000000000000000e+00 -5.847003601782413537e-04
7.000000000000000000e+00 4.000000000000000000e+00 -5.735579876692971889e-03
7.000000000000000000e+00 5.000000000000000000e+00 -2.151462328357177031e-02
7.000000000000000000e+00 6.000000000000000000e+00 -5.355032296697622568e-02
7.000000000000000000e+00 7.000000000000000000e+00 -1.014051454047361772e-01
7.000000000000000000e+00 8.000000000000000000e+00 -1.539405949616281244e-01
7.000000000000000000e+00 9.000000000000000000e+00 -1.962528842184809719e-01
7.000000000000000000e+00 1.000000000000000000e+01 -2.217454863991876468e-01
7.000000000000000000e+00 1.100000000000000000e+01 -2.332004974961216226e-01
7.000000000000000000e+00 1.200000000000000000e+01 -2.365596885704510377e-01
7.000000000000000000e+00 1.300000000000000000e+01 -2.370688125191274531e-01
7.000000000000000000e+00 1.400000000000000000e+01 -2.372362262721721959e-01
7.000000000000000000e+00 1.500000000000000000e+01 -2.372362262721721959e-01
7.000000000000000000e+00 1.600000000000000000e+01 -2.370688125191274531e-01
7.000000000000000000e+00 1.700000000000000000e+01 -2.365596885704512875e-01
7.000000000000000000e+00 1.800000000000000000e+01 -2.332004974961216226e-01
7.000000000000000000e+00 1.900000000000000000e+01 -2.217454863991876468e-01
7.000000000000000000e+00 2.000000000000000000e+01 -1.962528842184806388e-01
7.000000000000000000e+00 2.100000000000000000e+01 -1.539405949616281244e-01
7.000000000000000000e+00 2.200000000000000000e+01 -1.014051454047366213e-01
7.000000000000000000e+00 2.300000000000000000e+01 -5.355032296697622568e-02
7.000000000000000000e+00 2.400000000000000000e+01 -2.151462328357177031e-02
7.000000000000000000e+00 2.500000000000000000e+01 -5.735579876692199937e-03
7.000000000000000000e+00 2.600000000000000000e+01 -5.847003601782413537e-04
7.000000000000000000e+00 2.700000000000000000e+01 -0.000000000000000000e+00
7.000000000000000000e+00 2.800000000000000000e+01 -0.000000000000000000e+00
7.000000000000000000e+00 2.900000000000000000e+01 -0.000000000000000000e+00
8.000000000000000000e+00 0.000000000000000000e+00 -0.000000000000000000e+00
8.000000000000000000e+00 1.000000000000000000e+00 -0.000000000000000000e+00
8.000000000000000000e+00 2.000000000000000000e+00 -6.919863950528226334e-05
8.000000000000000000e+00 3.000000000000000000e+00 -2.281906956333914181e-03
8.000000000000000000e+00 4.000000000000000000e+00 -1.159351502672167564e-02
8.000000000000000000e+00 5.000000000000000000e+00 -3.429980892335333237e-02
8.000000000000000000e+00 6.000000000000000000e+00 -7.564382781459653982e-02
8.000000000000000000e+00 7.000000000000000000e+00 -1.334151823000776782e-01
8.000000000000000000e+00 8.000000000000000000e+00 -1.938091636224549552e-01
8.000000000000000000e+00 9.000000000000000000e+00 -2.403493638103777474e-01
8.000000000000000000e+00 1.000000000000000000e+01 -2.668967041789546135e-01
8.000000000000000000e+00 1.100000000000000000e+01 -2.776636639520340122e-01
8.000000000000000000e+00 1.200000000000000000e+01 -2.798572570666932324e-01
8.000000000000000000e+00 1.300000000000000000e+01 -2.793561651201260654e-01
8.000000000000000000e+00 1.400000000000000000e+01 -2.789388062555842596e-01
8.000000000000000000e+00 1.500000000000000000e+01 -2.789388062555842596e-01
8.000000000000000000e+00 1.600000000000000000e+01 -2.793561651201260654e-01
8.000000000000000000e+00 1.700000000000000000e+01 -2.798572570666935100e-01
8.000000000000000000e+00 1.800000000000000000e+01 -2.776636639520340122e-01
8.000000000000000000e+00 1.900000000000000000e+01 -2.668967041789546135e-01
8.000000000000000000e+00 2.000000000000000000e+01 -2.403493638103786911e-01
8.000000000000000000e+00 2.100000000000000000e+01 -1.938091636224549552e-01
8.000000000000000000e+00 2.200000000000000000e+01 -1.334151823000775672e-01
8.000000000000000000e+00 2.300000000000000000e+01 -7.564382781459653982e-02
8.000000000000000000e+00 2.400000000000000000e+01 -3.429980892335333237e-02
8.000000000000000000e+00 2.500000000000000000e+01 -1.159351502672209717e-02
8.000000000000000000e+00 2.600000000000000000e+01 -2.281906956333914181e-03
8.000000000000000000e+00 2.700000000000000000e+01 -6.919863950528226334e-05
8.000000000000000000e+00 2.800000000000000000e+01 -0.000000000000000000e+00
8.000000000000000000e+00 2.900000000000000000e+01 -0.000000000000000000e+00
9.000000000000000000e+00 0.000000000000000000e+00 -0.000000000000000000e+00
9.000000000000000000e+00 1.000000000000000000e+00 -0.000000000000000000e+00
9.000000000000000000e+00 2.000000000000000000e+00 -4.681656257026919031e-04
9.000000000000000000e+00 3.000000000000000000e+00 -4.432608822228565823e-03
9.000000000000000000e+00 4.000000000000000000e+00 -1.652353627872632166e-02
9.000000000000000000e+00 5.000000000000000000e+00 -4.231693907551627165e-02
9.000000000000000000e+00 6.000000000000000000e+00 -8.583998185382833712e-02
9.000000000000000000e+00 7.000000000000000000e+00 -1.439187817602193553e-01
9.000000000000000000e+00 8.000000000000000000e+00 -2.033725386087811560e-01
9.000000000000000000e+00 9.000000000000000000e+00 -2.493145312874266717e-01
9.000000000000000000e+00 1.000000000000000000e+01 -2.762332412125499403e-01
9.000000000000000000e+00 1.100000000000000000e+01 -2.880003694669782122e-01
9.000000000000000000e+00 1.200000000000000000e+01 -2.913777298320394116e-01
9.000000000000000000e+00 1.300000000000000000e+01 -2.912607755385576147e-01
9.000000000000000000e+00 1.400000000000000000e+01 -2.906238876061276177e-01
9.000000000000000000e+00 1.500000000000000000e+01 -2.906238876061276177e-01
9.000000000000000000e+00 1.600000000000000000e+01 -2.912607755385576147e-01
9.000000000000000000e+00 1.700000000000000000e+01 -2.913777298320394671e-01
9.000000000000000000e+00 1.800000000000000000e+01 -2.880003694669782122e-01
9.000000000000000000e+00 1.900000000000000000e+01 -2.762332412125499403e-01
9.000000000000000000e+00 2.000000000000000000e+01 -2.493145312874264219e-01
9.000000000000000000e+00 2.100000000000000000e+01 -2.033725386087811560e-01
9.000000000000000000e+00 2.200000000000000000e+01 -1.439187817602187724e-01
9.000000000000000000e+00 2.300000000000000000e+01 -8.583998185382833712e-02
9.000000000000000000e+00 2.400000000000000000e+01 -4.231693907551627165e-02
9.000000000000000000e+00 2.500000000000000000e+01 -1.652353627872682820e-02
9.000000000000000000e+00 2.600000000000000000e+01 -4.432608822228565823e-03
9.000000000000000000e+00 2.700000000000000000e+01 -4.681656257026919031e-04
9.000000000000000000e+00 2.800000000000000000e+01 -0.000000000000000000e+00
9.000000000000000000e+00 2.900000000000000000e+01 -0.000000000000000000e+00
1.000000000000000000e+01 0.000000000000000000e+00 -0.000000000000000000e+00
1.000000000000000000e+01 1.000000000000000000e+00 -1.111531975084031849e-05
1.000000000000000000e+01 2.000000000000000000e+00 -1.028664639251208272e-03
1.000000000000000000e+01 3.000000000000000000e+00 -5.969193144794248014e-03
1.000000000000000000e+01 4.000000000000000000e+00 -1.859388218234715381e-02
1.000000000000000000e+01 5.000000000000000000e+00 -4.318288867438533490e-02
1.000000000000000000e+01 6.000000000000000000e+00 -8.237702884430581074e-02
1.000000000000000000e+01 7.000000000000000000e+00 -1.330472918395125548e-01
1.000000000000000000e+01 8.000000000000000000e+00 -1.847746413546608735e-01
1.000000000000000000e+01 9.000000000000000000e+00 -2.260090155375408527e-01
1.000000000000000000e+01 1.000000000000000000e+01 -2.520180837428487863e-01
1.000000000000000000e+01 1.100000000000000000e+01 -2.653210231597938340e-01
1.000000000000000000e+01 1.200000000000000000e+01 -2.705797263952592902e-01
1.000000000000000000e+01 1.300000000000000000e+01 -2.715562434292065896e-01
1.000000000000000000e+01 1.400000000000000000e+01 -2.711586389370221339e-01
1.000000000000000000e+01 1.500000000000000000e+01 -2.711586389370221339e-01
1.000000000000000000e+01 1.600000000000000000e+01 -2.715562434292065896e-01
1.000000000000000000e+01 1.700000000000000000e+01 -2.705797263952594012e-01
1.000000000000000000e+01 1.800000000000000000e+01 -2.653210231597938340e-01
1.000000000000000000e+01 1.900000000000000000e+01 -2.520180837428487863e-01
1.000000000000000000e+01 2.000000000000000000e+01 -2.260090155375407972e-01
1.000000000000000000e+01 2.100000000000000000e+01 -1.847746413546608735e-01
1.000000000000000000e+01 2.200000000000000000e+01 -1.330472918395124993e-01
1.000000000000000000e+01 2.300000000000000000e+01 -8.237702884430581074e-02
1.000000000000000000e+01 2.400000000000000000e+01 -4.318288867438533490e-02
1.000000000000000000e+01 2.500000000000000000e+01 -1.859388218234726137e-02
1.000000000000000000e+01 2.600000000000000000e+01 -5.969193144794248014e-03
1.000000000000000000e+01 2.700000000000000000e+01 -1.028664639251208272e-03
1.000000000000000000e+01 2.800000000000000000e+01 -1.111531975103469900e-05
1.000000000000000000e+01 2.900000000000000000e+01 -0.000000000000000000e+00
1.100000000000000000e+01 0.000000000000000000e+00 -0.000000000000000000e+00
1.100000000000000000e+01 1.000000000000000000e+00 -6.684246197599797823e-05
1.100000000000000000e+01 2.000000000000000000e+00 -1.393667166604044922e-03
1.100000000000000000e+01 3.000000000000000000e+00 -6.277518640316944593e-03
1.100000000000000000e+01 4.000000000000000000e+00 -1.749744088250716409e-02
1.100000000000000000e+01 5.000000000000000000e+00 -3.797077065557993153e-02
1.100000000000000000e+01 6.000000000000000000e+00 -6.923766691138805163e-02
1.100000000000000000e+01 7.000000000000000000e+00 -1.088268988315234248e-01
1.100000000000000000e+01 8.000000000000000000e+00 -1.495112036664798805e-01
1.100000000000000000e+01 9.000000000000000000e+00 -1.832729623880770820e-01
1.100000000000000000e+01 1.000000000000000000e+01 -2.063607957909508461e-01
1.100000000000000000e+01 1.100000000000000000e+01 -2.195678368441518202e-01
1.100000000000000000e+01 1.200000000000000000e+01 -2.256301413784143339e-01
1.100000000000000000e+01 1.300000000000000000e+01 -2.274729486568081993e-01
1.100000000000000000e+01 1.400000000000000000e+01 -2.275047717207648867e-01
1.100000000000000000e+01 1.500000000000000000e+01 -2.275047717207648867e-01
1.100000000000000000e+01 1.600000000000000000e+01 -2.274729486568081993e-01
1.100000000000000000e+01 1.700000000000000000e+01 -2.256301413784146670e-01
1.100000000000000000e+01 1.800000000000000000e+01 -2.195678368441518202e-01
1.100000000000000000e+01 1.900000000000000000e+01 -2.063607957909508461e-01
1.100000000000000000e+01 2.000000000000000000e+01 -1.832729623880772207e-01
1.100000000000000000e+01 2.100000000000000000e+01 -1.495112036664798805e-01
1.100000000000000000e+01 2.200000000000000000e+01 -1.088268988315236052e-01
1.100000000000000000e+01 2.300000000000000000e+01 -6.923766691138805163e-02
1.100000000000000000e+01 2.400000000000000000e+01 -3.797077065557993153e-02
1.100000000000000000e+01 2.500000000000000000e+01 -1.749744088250759430e-02
1.100000000000000000e+01 2.600000000000000000e+01 -6.277518640316944593e-03
1.100000000000000000e+01 2.700000000000000000e+01 -1.393667166604044922e-03
1.100000000000000000e+01 2.800000000000000000e+01 -6.684246197572360731e-05
1.100000000000000000e+01 2.900000000000000000e+01 -0.000000000000000000e+00
1.200000000000000000e+01 0.000000000000000000e+00 -0.000000000000000000e+00
1.200000000000000000e+01 1.000000000000000000e+00 -1.157354369352797891e-04
1.200000000000000000e+01 2.000000000000000000e+00 -1.370938524652643526e-03
1.200000000000000000e+01 3.000000000000000000e+00 -5.352640670893052573e-03
1.200000000000000000e+01 4.000000000000000000e+00 -1.393015057488767965e-02
1.200000000000000000e+01 5.000000000000000000e+00 -2.893659638554999317e-02
1.200000000000000000e+01 6.000000000000000000e+00 -5.113885956168448543e-02
1.200000000000000000e+01 7.000000000000000000e+00 -7.885322952348366998e-02
1.200000000000000000e+01 8.000000000000000000e+00 -1.076374065641127892e-01
1.200000000000000000e+01 9.000000000000000000e+00 -1.324444226509270128e-01
1.200000000000000000e+01 1.000000000000000000e+01 -1.503220702195885161e-01
1.200000000000000000e+01 1.100000000000000000e+01 -1.611643866988673734e-01
1.200000000000000000e+01 1.200000000000000000e+01 -1.665936174843975215e-01
1.200000000000000000e+01 1.300000000000000000e+01 -1.686035876646204135e-01
1.200000000000000000e+01 1.400000000000000000e+01 -1.689238471550462972e-01
1.200000000000000000e+01 1.500000000000000000e+01 -1.689238471550462972e-01
1.200000000000000000e+01 1.600000000000000000e+01 -1.686035876646204135e-01
1.200000000000000000e+01 1.700000000000000000e+01 -1.665936174843974382e-01
1.200000000000000000e+01 1.800000000000000000e+01 -1.611643866988673734e-01
1.200000000000000000e+01 1.900000000000000000e+01 -1.503220702195885161e-01
1.200000000000000000e+01 2.000000000000000000e+01 -1.324444226509268741e-01
1.200000000000000000e+01 2.100000000000000000e+01 -1.076374065641127892e-01
1.200000000000000000e+01 2.200000000000000000e+01 -7.885322952348376713e-02
1.200000000000000000e+01 2.300000000000000000e+01 -5.113885956168448543e-02
1.200000000000000000e+01 2.400000000000000000e+01 -2.893659638554999317e-02
1.200000000000000000e+01 2.500000000000000000e+01 -1.393015057488783751e-02
1.200000000000000000e+01 2.600000000000000000e+01 -5.352640670893052573e-03
1.200000000000000000e+01 2.700000000000000000e+01 -1.370938524652643526e-03
1.200000000000000000e+01 2.800000000000000000e+01 -1.157354369351015327e-04
1.200000000000000000e+01 2.900000000000000000e+01 -0.000000000000000000e+00
1.300000000000000000e+01 0.000000000000000000e+00 -0.000000000000000000e+00
1.300000000000000000e+01 1.000000000000000000e+00 -1.075607522007147133e-04
1.300000000000000000e+01 2.000000000000000000e+00 -9.787866377238758128e-04
1.300000000000000000e+01 3.000000000000000000e+00 -3.532428298008868234e-03
1.300000000000000000e+01 4.000000000000000000e+00 -8.837119429557791297e-03
1.300000000000000000e+01 5.000000000000000000e+00 -1.790013340077513046e-02
1.300000000000000000e+01 6.000000000000000000e+00 -3.108648643934104963e-02
1.300000000000000000e+01 7.000000000000000000e+00 -4.741376250382548646e-02
1.300000000000000000e+01 8.000000000000000000e+00 -6.446680733541369779e-02
1.300000000000000000e+01 9.000000000000000000e+00 -7.943475696506115125e-02
1.300000000000000000e+01 1.000000000000000000e+01 -9.051874780973552526e-02
1.300000000000000000e+01 1.100000000000000000e+01 -9.748840656720349218e-02
1.300000000000000000e+01 1.200000000000000000e+01 -1.011621525987722314e-01
1.300000000000000000e+01 1.300000000000000000e+01 -1.026601833117008478e-01
1.300000000000000000e+01 1.400000000000000000e+01 -1.029979441018807340e-01
1.300000000000000000e+01 1.500000000000000000e+01 -1.029979441018807340e-01
1.300000000000000000e+01 1.600000000000000000e+01 -1.026601833117008478e-01
1.300000000000000000e+01 1.700000000000000000e+01 -1.011621525987723008e-01
1.300000000000000000e+01 1.800000000000000000e+01 -9.748840656720349218e-02
1.300000000000000000e+01 1.900000000000000000e+01 -9.051874780973552526e-02
1.300000000000000000e+01 2.000000000000000000e+01 -7.943475696506116512e-02
1.300000000000000000e+01 2.100000000000000000e+01 -6.446680733541369779e-02
1.300000000000000000e+01 2.200000000000000000e+01 -4.741376250382551422e-02
1.300000000000000000e+01 2.300000000000000000e+01 -3.108648643934104963e-02
1.300000000000000000e+01 2.400000000000000000e+01 -1.790013340077513046e-02
1.300000000000000000e+01 2.500000000000000000e+01 -8.837119429557852013e-03
1.300000000000000000e+01 2.600000000000000000e+01 -3.532428298008868234e-03
1.300000000000000000e+01 2.700000000000000000e+01 -9.787866377238758128e-04
1.300000000000000000e+01 2.800000000000000000e+01 -1.075607522007147404e-04
1.300000000000000000e+01 2.900000000000000000e+01 -0.000000000000000000e+00
1.400000000000000000e+01 0.000000000000000000e+00 -0.000000000000000000e+00
1.400000000000000000e+01 1.000000000000000000e+00 -4.306952321969820962e-05
1.400000000000000000e+01 2.000000000000000000e+00 -3.515538616642923807e-04
1.400000000000000000e+01 3.000000000000000000e+00 -1.225330465023015489e-03
1.400000000000000000e+01 4.000000000000000000e+00 -3.011825919229540668e-03
1.400000000000000000e+01 5.000000000000000000e+00 -6.035555634259609850e-03
1.400000000000000000e+01 6.000000000000000000e+00 -1.041152865870068923e-02
1.400000000000000000e+01 7.000000000000000000e+00 -1.581574841814484267e-02
1.400000000000000000e+01 8.000000000000000000e+00 -2.145683125042959979e-02
1.400000000000000000e+01 9.000000000000000000e+00 -2.642035341873892607e-02
1.400000000000000000e+01 1.000000000000000000e+01 -3.012873765966918999e-02
1.400000000000000000e+01 1.100000000000000000e+01 -3.250068167439504330e-02
1.400000000000000000e+01 1.200000000000000000e+01 -3.378476943100932467e-02
1.400000000000000000e+01 1.300000000000000000e+01 -3.433264803396032100e-02
1.400000000000000000e+01 1.400000000000000000e+01 -3.447217674059112336e-02
1.400000000000000000e+01 1.500000000000000000e+01 -3.447217674059112336e-02
1.400000000000000000e+01 1.600000000000000000e+01 -3.433264803396032100e-02
1.400000000000000000e+01 1.700000000000000000e+01 -3.378476943100935936e-02
1.400000000000000000e+01 1.800000000000000000e+01 -3.250068167439504330e-02
1.400000000000000000e+01 1.900000000000000000e+01 -3.012873765966918999e-02
1.400000000000000000e+01 2.000000000000000000e+01 -2.642035341873892260e-02
1.400000000000000000e+01 2.100000000000000000e+01 -2.145683125042959979e-02
1.400000000000000000e+01 2.200000000000000000e+01 -1.581574841814485308e-02
1.400000000000000000e+01 2.300000000000000000e+01 -1.041152865870068923e-02
1.400000000000000000e+01 2.400000000000000000e+01 -6.035555634259609850e-03
1.400000000000000000e+01 2.500000000000000000e+01 -3.011825919229545873e-03
1.400000000000000000e+01 2.600000000000000000e+01 -1.225330465023015489e-03
1.400000000000000000e+01 2.700000000000000000e+01 -3.515538616642923807e-04
1.400000000000000000e+01 2.800000000000000000e+01 -4.306952321969820285e-05
1.400000000000000000e+01 2.900000000000000000e+01 -0.000000000000000000e+00
1.500000000000000000e+01 0.000000000000000000e+00 0.000000000000000000e+00
1.500000000000000000e+01 1.000000000000000000e+00 4.306952321969820962e-05
1.500000000000000000e+01 2.000000000000000000e+00 3.515538616642923807e-04
1.500000000000000000e+01 3.000000000000000000e+00 1.225330465023015489e-03
1.500000000000000000e+01 4.000000000000000000e+00 3.011825919229540668e-03
1.500000000000000000e+01 5.000000000000000000e+00 6.035555634259609850e-03
1.500000000000000000e+01 6.000000000000000000e+00 1.041152865870068923e-02
1.500000000000000000e+01 7.000000000000000000e+00 1.581574841814484267e-02
1.500000000000000000e+01 8.000000000000000000e+00 2.145683125042959979e-02
1.500000000000000000e+01 9.000000000000000000e+00 2.642035341873892607e-02
1.500000000000000000e+01 1.000000000000000000e+01 3.012873765966918999e-02
1.500000000000000000e+01 1.100000000000000000e+01 3.250068167439504330e-02
1.500000000000000000e+01 1.200000000000000000e+01 3.378476943100932467e-02
1.500000000000000000e+01 1.300000000000000000e+01 3.433264803396032100e-02
1.500000000000000000e+01 1.400000000000000000e+01 3.447217674059112336e-02
1.500000000000000000e+01 1.500000000000000000e+01 3.447217674059112336e-02
1.500000000000000000e+01 1.600000000000000000e+01 3.433264803396032100e-02
1.500000000000000000e+01 1.700000000000000000e+01 3.378476943100935936e-02
1.500000000000000000e+01 1.800000000000000000e+01 3.250068167439504330e-02
1.500000000000000000e+01 1.900000000000000000e+01 3.012873765966918999e-02
1.500000000000000000e+01 2.000000000000000000e+01 2.642035341873892260e-02
1.500000000000000000e+01 2.100000000000000000e+01 2.145683125042959979e-02
1.500000000000000000e+01 2.200000000000000000e+01 1.581574841814485308e-02
1.500000000000000000e+01 2.300000000000000000e+01 1.041152865870068923e-02
1.500000000000000000e+01 2.400000000000000000e+01 6.035555634259609850e-03
1.500000000000000000e+01 2.500000000000000000e+01 3.011825919229545873e-03
1.500000000000000000e+01 2.600000000000000000e+01 1.225330465023015489e-03
1.500000000000000000e+01 2.700000000000000000e+01 3.515538616642923807e-04
1.500000000000000000e+01 2.800000000000000000e+01 4.306952321969820285e-05
1.500000000000000000e+01 2.900000000000000000e+01 0.000000000000000000e+00
1.600000000000000000e+01 0.000000000000000000e+00 0.000000000000000000e+00
1.600000000000000000e+01 1.000000000000000000e+00 1.075607522007147133e-04
1.600000000000000000e+01 2.000000000000000000e+00 9.787866377238758128e-04
1.600000000000000000e+01 3.000000000000000000e+00 3.532428298008868234e-03
1.600000000000000000e+01 4.000000000000000000e+00 8.837119429557791297e-03
1.600000000000000000e+01 5.000000000000000000e+00 1.790013340077513046e-02
1.600000000000000000e+01 6.000000000000000000e+00 3.108648643934104963e-02
1.600000000000000000e+01 7.000000000000000000e+00 4.741376250382548646e-02
1.600000000000000000e+01 8.000000000000000000e+00 6.446680733541369779e-02
1.600000000000000000e+01 9.000000000000000000e+00 7.943475696506115125e-02
1.600000000000000000e+01 1.000000000000000000e+01 9.051874780973552526e-02
1.600000000000000000e+01 1.100000000000000000e+01 9.748840656720349218e-02
1.600000000000000000e+01 1.200000000000000000e+01 1.011621525987722314e-01
1.600000000000000000e+01 1.300000000000000000e+01 1.026601833117008478e-01
1.600000000000000000e+01 1.400000000000000000e+01 1.029979441018807340e-01
1.600000000000000000e+01 1.500000000000000000e+01 1.029979441018807340e-01
1.600000000000000000e+01 1.600000000000000000e+01 1.026601833117008478e-01
1.600000000000000000e+01 1.700000000000000000e+01 1.011621525987723008e-01
1.600000000000000000e+01 1.800000000000000000e+01 9.748840656720349218e-02
1.600000000000000000e+01 1.900000000000000000e+01 9.051874780973552526e-02
1.600000000000000000e+01 2.000000000000000000e+01 7.943475696506116512e-02
1.600000000000000000e+01 2.100000000000000000e+01 6.446680733541369779e-02
1.600000000000000000e+01 2.200000000000000000e+01 4.741376250382551422e-02
1.600000000000000000e+01 2.300000000000000000e+01 3.108648643934104963e-02
1.600000000000000000e+01 2.400000000000000000e+01 1.790013340077513046e-02
1.600000000000000000e+01 2.500000000000000000e+01 8.837119429557852013e-03
1.600000000000000000e+01 2.600000000000000000e+01 3.532428298008868234e-03
1.600000000000000000e+01 2.700000000000000000e+01 9.787866377238758128e-04
1.600000000000000000e+01 2.800000000000000000e+01 1.075607522007147404e-04
1.600000000000000000e+01 2.900000000000000000e+01 0.000000000000000000e+00
1.700000000000000000e+01 0.000000000000000000e+00 0.000000000000000000e+00
1.700000000000000000e+01 1.000000000000000000e+00 1.157354369352797891e-04
1.700000000000000000e+01 2.000000000000000000e+00 1.370938524652643960e-03
1.700000000000000000e+01 3.000000000000000000e+00 5.352640670893049103e-03
1.700000000000000000e+01 4.000000000000000000e+00 1.393015057488765016e-02
1.700000000000000000e+01 5.000000000000000000e+00 2.893659638554996888e-02
1.700000000000000000e+01 6.000000000000000000e+00 5.113885956168452707e-02
1.700000000000000000e+01 7.000000000000000000e+00 7.885322952348371162e-02
1.700000000000000000e+01 8.000000000000000000e+00 1.076374065641128169e-01
1.700000000000000000e+01 9.000000000000000000e+00 1.324444226509269573e-01
1.700000000000000000e+01 1.000000000000000000e+01 1.503220702195884884e-01
1.700000000000000000e+01 1.100000000000000000e+01 1.611643866988675122e-01
1.700000000000000000e+01 1.200000000000000000e+01 1.665936174843973272e-01
1.700000000000000000e+01 1.300000000000000000e+01 1.686035876646204412e-01
1.700000000000000000e+01 1.400000000000000000e+01 1.689238471550463527e-01
1.700000000000000000e+01 1.500000000000000000e+01 1.689238471550463527e-01
1.700000000000000000e+01 1.600000000000000000e+01 1.686035876646204412e-01
1.700000000000000000e+01 1.700000000000000000e+01 1.665936174843972439e-01
1.700000000000000000e+01 1.800000000000000000e+01 1.611643866988675122e-01
1.700000000000000000e+01 1.900000000000000000e+01 1.503220702195884884e-01
1.700000000000000000e+01 2.000000000000000000e+01 1.324444226509267908e-01
1.700000000000000000e+01 2.100000000000000000e+01 1.076374065641128169e-01
1.700000000000000000e+01 2.200000000000000000e+01 7.885322952348375325e-02
1.700000000000000000e+01 2.300000000000000000e+01 5.113885956168452707e-02
1.700000000000000000e+01 2.400000000000000000e+01 2.893659638554996888e-02
1.700000000000000000e+01 2.500000000000000000e+01 1.393015057488780975e-02
1.700000000000000000e+01 2.600000000000000000e+01 5.352640670893049103e-03
1.700000000000000000e+01 2.700000000000000000e+01 1.370938524652643960e-03
1.700000000000000000e+01 2.800000000000000000e+01 1.157354369351015327e-04
1.700000000000000000e+01 2.900000000000000000e+01 0.000000000000000000e+00
1.800000000000000000e+01 0.000000000000000000e+00 0.000000000000000000e+00
1.800000000000000000e+01 1.000000000000000000e+00 6.684246197599797823e-05
1.800000000000000000e+01 2.000000000000000000e+00 1.393667166604044922e-03
1.800000000000000000e+01 3.000000000000000000e+00 6.277518640316944593e-03
1.800000000000000000e+01 4.000000000000000000e+00 1.749744088250716409e-02
1.800000000000000000e+01 5.000000000000000000e+00 3.797077065557993153e-02
1.800000000000000000e+01 6.000000000000000000e+00 6.923766691138805163e-02
1.800000000000000000e+01 7.000000000000000000e+00 1.088268988315234248e-01
1.800000000000000000e+01 8.000000000000000000e+00 1.495112036664798805e-01
1.800000000000000000e+01 9.000000000000000000e+00 1.832729623880770820e-01
1.800000000000000000e+01 1.000000000000000000e+01 2.063607957909508461e-01
1.800000000000000000e+01 1.100000000000000000e+01 2.195678368441518202e-01
1.800000000000000000e+01 1.200000000000000000e+01 2.256301413784143339e-01
1.800000000000000000e+01 1.300000000000000000e+01 2.274729486568081993e-01
1.800000000000000000e+01 1.400000000000000000e+01 2.275047717207648867e-01
1.800000000000000000e+01 1.500000000000000000e+01 2.275047717207648867e-01
1.800000000000000000e+01 1.600000000000000000e+01 2.274729486568081993e-01
1.800000000000000000e+01 1.700000000000000000e+01 2.256301413784146670e-01
1.800000000000000000e+01 1.800000000000000000e+01 2.195678368441518202e-01
1.800000000000000000e+01 1.900000000000000000e+01 2.063607957909508461e-01
1.800000000000000000e+01 2.000000000000000000e+01 1.832729623880772207e-01
1.800000000000000000e+01 2.100000000000000000e+01 1.495112036664798805e-01
1.800000000000000000e+01 2.200000000000000000e+01 1.088268988315236052e-01
1.800000000000000000e+01 2.300000000000000000e+01 6.923766691138805163e-02
1.800000000000000000e+01 2.400000000000000000e+01 3.797077065557993153e-02
1.800000000000000000e+01 2.500000000000000000e+01 1.749744088250759430e-02
1.800000000000000000e+01 2.600000000000000000e+01 6.277518640316944593e-03
1.800000000000000000e+01 2.700000000000000000e+01 1.393667166604044922e-03
1.800000000000000000e+01 2.800000000000000000e+01 6.684246197572360731e-05
1.800000000000000000e+01 2.900000000000000000e+01 0.000000000000000000e+00
1.900000000000000000e+01 0.000000000000000000e+00 0.000000000000000000e+00
1.900000000000000000e+01 1.000000000000000000e+00 1.111531975084031849e-05
1.900000000000000000e+01 2.000000000000000000e+00 1.028664639251208272e-03
1.900000000000000000e+01 3.000000000000000000e+00 5.969193144794248014e-03
1.900000000000000000e+01 4.000000000000000000e+00 1.859388218234715381e-02
1.900000000000000000e+01 5.000000000000000000e+00 4.318288867438533490e-02
1.900000000000000000e+01 6.000000000000000000e+00 8.237702884430581074e-02
1.900000000000000000e+01 7.000000000000000000e+00 1.330472918395125548e-01
1.900000000000000000e+01 8.000000000000000000e+00 1.847746413546608735e-01
1.900000000000000000e+01 9.000000000000000000e+00 2.260090155375408527e-01
1.900000000000000000e+01 1.000000000000000000e+01 2.520180837428487863e-01
1.900000000000000000e+01 1.100000000000000000e+01 2.653210231597938340e-01
1.900000000000000000e+01 1.200000000000000000e+01 2.705797263952592902e-01
1.900000000000000000e+01 1.300000000000000000e+01 2.715562434292065896e-01
1.900000000000000000e+01 1.400000000000000000e+01 2.711586389370221339e-01
1.900000000000000000e+01 1.500000000000000000e+01 2.711586389370221339e-01
1.900000000000000000e+01 1.600000000000000000e+01 2.715562434292065896e-01
1.900000000000000000e+01 1.700000000000000000e+01 2.705797263952594012e-01
1.900000000000000000e+01 1.800000000000000000e+01 2.653210231597938340e-01
1.900000000000000000e+01 1.900000000000000000e+01 2.520180837428487863e-01
1.900000000000000000e+01 2.000000000000000000e+01 2.260090155375407972e-01
1.900000000000000000e+01 2.100000000000000000e+01 1.847746413546608735e-01
1.900000000000000000e+01 2.200000000000000000e+01 1.330472918395124993e-01
1.900000000000000000e+01 2.300000000000000000e+01 8.237702884430581074e-02
1.900000000000000000e+01 2.400000000000000000e+01 4.318288867438533490e-02
1.900000000000000000e+01 2.500000000000000000e+01 1.859388218234726137e-02
1.900000000000000000e+01 2.600000000000000000e+01 5.969193144794248014e-03
1.900000000000000000e+01 2.700000000000000000e+01 1.028664639251208272e-03
1.900000000000000000e+01 2.800000000000000000e+01 1.111531975103469900e-05
1.900000000000000000e+01 2.900000000000000000e+01 0.000000000000000000e+00
2.000000000000000000e+01 0.000000000000000000e+00 0.000000000000000000e+00
2.000000000000000000e+01 1.000000000000000000e+00 0.000000000000000000e+00
2.000000000000000000e+01 2.000000000000000000e+00 4.681656257026921742e-04
2.000000000000000000e+01 3.000000000000000000e+00 4.432608822228560619e-03
2.000000000000000000e+01 4.000000000000000000e+00 1.652353627872700167e-02
2.000000000000000000e+01 5.000000000000000000e+00 4.231693907551620226e-02
2.000000000000000000e+01 6.000000000000000000e+00 8.583998185382840651e-02
2.000000000000000000e+01 7.000000000000000000e+00 1.439187817602191610e-01
2.000000000000000000e+01 8.000000000000000000e+00 2.033725386087820164e-01
2.000000000000000000e+01 9.000000000000000000e+00 2.493145312874264774e-01
2.000000000000000000e+01 1.000000000000000000e+01 2.762332412125499403e-01
2.000000000000000000e+01 1.100000000000000000e+01 2.880003694669784897e-01
2.000000000000000000e+01 1.200000000000000000e+01 2.913777298320391895e-01
2.000000000000000000e+01 1.300000000000000000e+01 2.912607755385577257e-01
2.000000000000000000e+01 1.400000000000000000e+01 2.906238876061276732e-01
2.000000000000000000e+01 1.500000000000000000e+01 2.906238876061276732e-01
2.000000000000000000e+01 1.600000000000000000e+01 2.912607755385577257e-01
2.000000000000000000e+01 1.700000000000000000e+01 2.913777298320391895e-01
2.000000000000000000e+01 1.800000000000000000e+01 2.880003694669784897e-01
2.000000000000000000e+01 1.900000000000000000e+01 2.762332412125499403e-01
2.000000000000000000e+01 2.000000000000000000e+01 2.493145312874267272e-01
2.000000000000000000e+01 2.100000000000000000e+01 2.033725386087820164e-01
2.000000000000000000e+01 2.200000000000000000e+01 1.439187817602197439e-01
2.000000000000000000e+01 2.300000000000000000e+01 8.583998185382840651e-02
2.000000000000000000e+01 2.400000000000000000e+01 4.231693907551620226e-02
2.000000000000000000e+01 2.500000000000000000e+01 1.652353627872635289e-02
2.000000000000000000e+01 2.600000000000000000e+01 4.432608822228560619e-03
2.000000000000000000e+01 2.700000000000000000e+01 4.681656257026921742e-04
2.000000000000000000e+01 2.800000000000000000e+01 0.000000000000000000e+00
2.000000000000000000e+01 2.900000000000000000e+01 0.000000000000000000e+00
2.100000000000000000e+01 0.000000000000000000e+00 0.000000000000000000e+00
2.100000000000000000e+01 1.000000000000000000e+00 0.000000000000000000e+00
2.100000000000000000e+01 2.000000000000000000e+00 6.919863950528226334e-05
2.100000000000000000e+01 3.000000000000000000e+00 2.281906956333914181e-03
2.100000000000000000e+01 4.000000000000000000e+00 1.159351502672167564e-02
2.100000000000000000e+01 5.000000000000000000e+00 3.429980892335333237e-02
2.100000000000000000e+01 6.000000000000000000e+00 7.564382781459653982e-02
2.100000000000000000e+01 7.000000000000000000e+00 1.334151823000776782e-01
2.100000000000000000e+01 8.000000000000000000e+00 1.938091636224549552e-01
2.100000000000000000e+01 9.000000000000000000e+00 2.403493638103777474e-01
2.100000000000000000e+01 1.000000000000000000e+01 2.668967041789546135e-01
2.100000000000000000e+01 1.100000000000000000e+01 2.776636639520340122e-01
2.100000000000000000e+01 1.200000000000000000e+01 2.798572570666932324e-01
2.100000000000000000e+01 1.300000000000000000e+01 2.793561651201260654e-01
2.100000000000000000e+01 1.400000000000000000e+01 2.789388062555842596e-01
2.100000000000000000e+01 1.500000000000000000e+01 2.789388062555842596e-01
2.100000000000000000e+01 1.600000000000000000e+01 2.793561651201260654e-01
2.100000000000000000e+01 1.700000000000000000e+01 2.798572570666935100e-01
2.100000000000000000e+01 1.800000000000000000e+01 2.776636639520340122e-01
2.100000000000000000e+01 1.900000000000000000e+01 2.668967041789546135e-01
2.100000000000000000e+01 2.000000000000000000e+01 2.403493638103786911e-01
2.100000000000000000e+01 2.100000000000000000e+01 1.938091636224549552e-01
2.100000000000000000e+01 2.200000000000000000e+01 1.334151823000775672e-01
2.100000000000000000e+01 2.300000000000000000e+01 7.564382781459653982e-02
2.100000000000000000e+01 2.400000000000000000e+01 3.429980892335333237e-02
2.100000000000000000e+01 2.500000000000000000e+01 1.159351502672209717e-02
2.100000000000000000e+01 2.600000000000000000e+01 2.281906956333914181e-03
2.100000000000000000e+01 2.700000000000000000e+01 6.919863950528226334e-05
2.100000000000000000e+01 2.800000000000000000e+01 0.000000000000000000e+00
2.100000000000000000e+01 2.900000000000000000e+01 0.000000000000000000e+00
2.200000000000000000e+01 0.000000000000000000e+00 0.000000000000000000e+00
2.200000000000000000e+01 1.000000000000000000e+00 0.000000000000000000e+00
2.200000000000000000e+01 2.000000000000000000e+00 0.000000000000000000e+00
2.200000000000000000e+01 3.000000000000000000e+00 5.847003601795904264e-04
2.200000000000000000e+01 4.000000000000000000e+00 5.735579876692972756e-03
2.200000000000000000e+01 5.000000000000000000e+00 2.151462328357263420e-02
2.200000000000000000e+01 6.000000000000000000e+00 5.355032296697768979e-02
2.200000000000000000e+01 7.000000000000000000e+00 1.014051454047366074e-01
2.200000000000000000e+01 8.000000000000000000e+00 1.539405949616279301e-01
2.200000000000000000e+01 9.000000000000000000e+00 1.962528842184801114e-01
2.200000000000000000e+01 1.000000000000000000e+01 2.217454863991875080e-01
2.200000000000000000e+01 1.100000000000000000e+01 2.332004974961219279e-01
2.200000000000000000e+01 1.200000000000000000e+01 2.365596885704512320e-01
2.200000000000000000e+01 1.300000000000000000e+01 2.370688125191275919e-01
2.200000000000000000e+01 1.400000000000000000e+01 2.372362262721722792e-01
2.200000000000000000e+01 1.500000000000000000e+01 2.372362262721722792e-01
2.200000000000000000e+01 1.600000000000000000e+01 2.370688125191275919e-01
2.200000000000000000e+01 1.700000000000000000e+01 2.365596885704513430e-01
2.200000000000000000e+01 1.800000000000000000e+01 2.332004974961219279e-01
2.200000000000000000e+01 1.900000000000000000e+01 2.217454863991875080e-01
2.200000000000000000e+01 2.000000000000000000e+01 1.962528842184813882e-01
2.200000000000000000e+01 2.100000000000000000e+01 1.539405949616279301e-01
2.200000000000000000e+01 2.200000000000000000e+01 1.014051454047368434e-01
2.200000000000000000e+01 2.300000000000000000e+01 5.355032296697768979e-02
2.200000000000000000e+01 2.400000000000000000e+01 2.151462328357263420e-02
2.200000000000000000e+01 2.500000000000000000e+01 5.735579876692201672e-03
2.200000000000000000e+01 2.600000000000000000e+01 5.847003601795904264e-04
2.200000000000000000e+01 2.700000000000000000e+01 0.000000000000000000e+00
2.200000000000000000e+01 2.800000000000000000e+01 0.000000000000000000e+00
2.200000000000000000e+01 2.900000000000000000e+01 0.000000000000000000e+00
2.300000000000000000e+01 0.000000000000000000e+00 0.000000000000000000e+00
2.300000000000000000e+01 1.000000000000000000e+00 0.000000000000000000e+00
2.300000000000000000e+01 2.000000000000000000e+00 0.000000000000000000e+00
2.300000000000000000e+01 3.000000000000000000e+00 1.142899841536983580e-05
2.300000000000000000e+01 4.000000000000000000e+00 1.535110180223814291e-03
2.300000000000000000e+01 5.000000000000000000e+00 9.392837735053430684e-03
2.300000000000000000e+01 6.000000000000000000e+00 2.868399896789323653e-02
2.300000000000000000e+01 7.000000000000000000e+00 6.069036602923972429e-02
2.300000000000000000e+01 8.000000000000000000e+00 9.891885175754933091e-02
2.300000000000000000e+01 9.000000000000000000e+00 1.326617901377347142e-01
2.300000000000000000e+01 1.000000000000000000e+01 1.556010544836887721e-01
2.300000000000000000e+01 1.100000000000000000e+01 1.681486196419423873e-01
2.300000000000000000e+01 1.200000000000000000e+01 1.738721225097272505e-01
2.300000000000000000e+01 1.300000000000000000e+01 1.761567564895993310e-01
2.300000000000000000e+01 1.400000000000000000e+01 1.769959871979113752e-01
2.300000000000000000e+01 1.500000000000000000e+01 1.769959871979113752e-01
2.300000000000000000e+01 1.600000000000000000e+01 1.761567564895993310e-01
2.300000000000000000e+01 1.700000000000000000e+01 1.738721225097275003e-01
2.300000000000000000e+01 1.800000000000000000e+01 1.681486196419423873e-01
2.300000000000000000e+01 1.900000000000000000e+01 1.556010544836887721e-01
2.300000000000000000e+01 2.000000000000000000e+01 1.326617901377347974e-01
2.300000000000000000e+01 2.100000000000000000e+01 9.891885175754933091e-02
2.300000000000000000e+01 2.200000000000000000e+01 6.069036602924140350e-02
2.300000000000000000e+01 2.300000000000000000e+01 2.868399896789323653e-02
2.300000000000000000e+01 2.400000000000000000e+01 9.392837735053430684e-03
2.300000000000000000e+01 2.500000000000000000e+01 1.535110180222690841e-03
2.300000000000000000e+01 2.600000000000000000e+01 1.142899841536983580e-05
2.300000000000000000e+01 2.700000000000000000e+01 0.000000000000000000e+00
2.300000000000000000e+01 2.800000000000000000e+01 0.000000000000000000e+00
2.300000000000000000e+01 2.900000000000000000e+01 0.000000000000000000e+00
2.400000000000000000e+01 0.000000000000000000e+00 0.000000000000000000e+00
2.400000000000000000e+01 1.000000000000000000e+00 0.000000000000000000e+00
2.400000000000000000e+01 2.000000000000000000e+00 0.000000000000000000e+00
2.400000000000000000e+01 3.000000000000000000e+00 0.000000000000000000e+00
2.400000000000000000e+01 4.000000000000000000e+00 6.558626673881920227e-05
2.400000000000000000e+01 5.000000000000000000e+00 2.202414003219588419e-03
2.400000000000000000e+01 6.000000000000000000e+00 1.049787746858912678e-02
2.400000000000000000e+01 7.000000000000000000e+00 2.725185615919090837e-02
2.400000000000000000e+01 8.000000000000000000e+00 5.013048996490102049e-02
2.400000000000000000e+01 9.000000000000000000e+00 7.309289476680083664e-02
2.400000000000000000e+01 1.000000000000000000e+01 9.116387609036905038e-02
2.400000000000000000e+01 1.100000000000000000e+01 1.030635203508597914e-01
2.400000000000000000e+01 1.200000000000000000e+01 1.099590662650899581e-01
2.400000000000000000e+01 1.300000000000000000e+01 1.133675115382424964e-01
2.400000000000000000e+01 1.400000000000000000e+01 1.146755570509323530e-01
2.400000000000000000e+01 1.500000000000000000e+01 1.146755570509323530e-01
2.400000000000000000e+01 1.600000000000000000e+01 1.133675115382424964e-01
2.400000000000000000e+01 1.700000000000000000e+01 1.099590662650899442e-01
2.400000000000000000e+01 1.800000000000000000e+01 1.030635203508597914e-01
2.400000000000000000e+01 1.900000000000000000e+01 9.116387609036905038e-02
2.400000000000000000e+01 2.000000000000000000e+01 7.309289476680069786e-02
2.400000000000000000e+01 2.100000000000000000e+01 5.013048996490102049e-02
2.400000000000000000e+01 2.200000000000000000e+01 2.725185615919200818e-02
2.400000000000000000e+01 2.300000000000000000e+01 1.049787746858912678e-02
2.400000000000000000e+01 2.400000000000000000e+01 2.202414003219588419e-03
2.400000000000000000e+01 2.500000000000000000e+01 6.558626673881925648e-05
2.400000000000000000e+01 2.600000000000000000e+01 0.000000000000000000e+00
2.400000000000000000e+01 2.700000000000000000e+01 0.000000000000000000e+00
2.400000000000000000e+01 2.800000000000000000e+01 0.000000000000000000e+00
2.400000000000000000e+01 2.900000000000000000e+01 0.000000000000000000e+00
2.500000000000000000e+01 0.000000000000000000e+00 0.000000000000000000e+00
2.500000000000000000e+01 1.000000000000000000e+00 0.000000000000000000e+00
2.500000000000000000e+01 2.000000000000000000e+00 0.000000000000000000e+00
2.500000000000000000e+01 3.000000000000000000e+00 0.000000000000000000e+00
2.500000000000000000e+01 4.000000000000000000e+00 0.000000000000000000e+00
2.500000000000000000e+01 5.000000000000000000e+00 7.249008429027390364e-05
2.500000000000000000e+01 6.000000000000000000e+00 1.896312575569205836e-03
2.500000000000000000e+01 7.000000000000000000e+00 8.029811827369077309e-03
2.500000000000000000e+01 8.000000000000000000e+00 1.872798581239722843e-02
2.500000000000000000e+01 9.000000000000000000e+00 3.154493289575121401e-02
2.500000000000000000e+01 1.000000000000000000e+01 4.338572509214361217e-02
2.500000000000000000e+01 1.100000000000000000e+01 5.249232264752276556e-02
2.500000000000000000e+01 1.200000000000000000e+01 5.850663241452890712e-02
2.500000000000000000e+01 1.300000000000000000e+01 6.185983600690496409e-02
2.500000000000000000e+01 1.400000000000000000e+01 6.324834430382032802e-02
2.500000000000000000e+01 1.500000000000000000e+01 6.324834430382032802e-02
2.500000000000000000e+01 1.600000000000000000e+01 6.185983600690496409e-02
2.500000000000000000e+01 1.700000000000000000e+01 5.850663241452882385e-02
2.500000000000000000e+01 1.800000000000000000e+01 5.249232264752276556e-02
2.500000000000000000e+01 1.900000000000000000e+01 4.338572509214361217e-02
2.500000000000000000e+01 2.000000000000000000e+01 3.154493289575029807e-02
2.500000000000000000e+01 2.100000000000000000e+01 1.872798581239722843e-02
2.500000000000000000e+01 2.200000000000000000e+01 8.029811827369082514e-03
2.500000000000000000e+01 2.300000000000000000e+01 1.896312575569205836e-03
2.500000000000000000e+01 2.400000000000000000e+01 7.249008429027390364e-05
2.500000000000000000e+01 2.500000000000000000e+01 0.000000000000000000e+00
2.500000000000000000e+01 2.600000000000000000e+01 0.000000000000000000e+00
2.500000000000000000e+01 2.700000000000000000e+01 0.000000000000000000e+00
2.500000000000000000e+01 2.800000000000000000e+01 0.000000000000000000e+00
2.500000000000000000e+01 2.900000000000000000e+01 0.000000000000000000e+00
2.600000000000000000e+01 0.000000000000000000e+00 0.000000000000000000e+00
2.600000000000000000e+01 1.000000000000000000e+00 0.000000000000000000e+00
2.600000000000000000e+01 2.000000000000000000e+00 0.000000000000000000e+00
2.600000000000000000e+01 3.000000000000000000e+00 0.000000000000000000e+00
2.600000000000000000e+01 4.000000000000000000e+00 0.000000000000000000e+00
2.600000000000000000e+01 5.000000000000000000e+00 0.000000000000000000e+00
2.600000000000000000e+01 6.000000000000000000e+00 1.546276256197095093e-05
2.600000000000000000e+01 7.000000000000000000e+00 8.965405522733034017e-04
2.600000000000000000e+01 8.000000000000000000e+00 4.037219999667694854e-03
2.600000000000000000e+01 9.000000000000000000e+00 9.268182082841547667e-03
2.600000000000000000e+01 1.000000000000000000e+01 1.525460470336308105e-02
2.600000000000000000e+01 1.100000000000000000e+01 2.062613267532710168e-02
2.600000000000000000e+01 1.200000000000000000e+01 2.462214708610804131e-02
2.600000000000000000e+01 1.300000000000000000e+01 2.708195028473465993e-02
2.600000000000000000e+01 1.400000000000000000e+01 2.818260069552929944e-02
2.600000000000000000e+01 1.500000000000000000e+01 2.818260069552929944e-02
2.600000000000000000e+01 1.600000000000000000e+01 2.708195028473465993e-02
2.600000000000000000e+01 1.700000000000000000e+01 2.462214708610804131e-02
2.600000000000000000e+01 1.800000000000000000e+01 2.062613267532710168e-02
2.600000000000000000e+01 1.900000000000000000e+01 1.525460470336308105e-02
2.600000000000000000e+01 2.000000000000000000e+01 9.268182082841533789e-03
2.600000000000000000e+01 2.100000000000000000e+01 4.037219999667694854e-03
2.600000000000000000e+01 2.200000000000000000e+01 8.965405522753720595e-04
2.600000000000000000e+01 2.300000000000000000e+01 1.546276256197095093e-05
2.600000000000000000e+01 2.400000000000000000e+01 0.000000000000000000e+00
2.600000000000000000e+01 2.500000000000000000e+01 0.000000000000000000e+00
2.600000000000000000e+01 2.600000000000000000e+01 0.000000000000000000e+00
2.600000000000000000e+01 2.700000000000000000e+01 0.000000000000000000e+00
2.600000000000000000e+01 2.800000000000000000e+01 0.000000000000000000e+00
2.600000000000000000e+01 2.900000000000000000e+01 0.000000000000000000e+00
2.700000000000000000e+01 0.000000000000000000e+00 0.000000000000000000e+00
2.700000000000000000e+01 1.000000000000000000e+00 0.000000000000000000e+00
2.700000000000000000e+01 2.000000000000000000e+00 0.000000000000000000e+00
2.700000000000000000e+01 3.000000000000000000e+00 0.000000000000000000e+00
2.700000000000000000e+01 4.000000000000000000e+00 0.000000000000000000e+00
2.700000000000000000e+01 5.000000000000000000e+00 0.000000000000000000e+00
2.700000000000000000e+01 6.000000000000000000e+00 0.000000000000000000e+00
2.700000000000000000e+01 7.000000000000000000e+00 0.000000000000000000e+00
2.700000000000000000e+01 8.000000000000000000e+00 1.330743067409274243e-04
2.700000000000000000e+01 9.000000000000000000e+00 1.064012785687936183e-03
2.700000000000000000e+01 1.000000000000000000e+01 2.857401775697800562e-03
2.700000000000000000e+01 1.100000000000000000e+01 4.977382737871587429e-03
2.700000000000000000e+01 1.200000000000000000e+01 6.854692623263216114e-03
2.700000000000000000e+01 1.300000000000000000e+01 8.156555314365631845e-03
2.700000000000000000e+01 1.400000000000000000e+01 8.788846541607291465e-03
2.700000000000000000e+01 1.500000000000000000e+01 8.788846541607291465e-03
2.700000000000000000e+01 1.600000000000000000e+01 8.156555314365631845e-03
2.700000000000000000e+01 1.700000000000000000e+01 6.854692623263223920e-03
2.700000000000000000e+01 1.800000000000000000e+01 4.977382737871587429e-03
2.700000000000000000e+01 1.900000000000000000e+01 2.857401775697800562e-03
2.700000000000000000e+01 2.000000000000000000e+01 1.064012785687936400e-03
2.700000000000000000e+01 2.100000000000000000e+01 1.330743067409274243e-04
2.700000000000000000e+01 2.200000000000000000e+01 0.000000000000000000e+00
2.700000000000000000e+01 2.300000000000000000e+01 0.000000000000000000e+00
2.700000000000000000e+01 2.400000000000000000e+01 0.000000000000000000e+00
2.700000000000000000e+01 2.500000000000000000e+01 0.000000000000000000e+00
2.700000000000000000e+01 2.600000000000000000e+01 0.000000000000000000e+00
2.700000000000000000e+01 2.700000000000000000e+01 0.000000000000000000e+00
2.700000000000000000e+01 2.800000000000000000e+01 0.000000000000000000e+00
2.700000000000000000e+01 2.900000000000000000e+01 0.000000000000000000e+00
2.800000000000000000e+01 0.000000000000000000e+00 0.000000000000000000e+00
2.800000000000000000e+01 1.000000000000000000e+00 0.000000000000000000e+00
2.800000000000000000e+01 2.000000000000000000e+00 0.000000000000000000e+00
2.800000000000000000e+01 3.000000000000000000e+00 0.000000000000000000e+00
2.800000000000000000e+01 4.000000000000000000e+00 0.000000000000000000e+00
2.800000000000000000e+01 5.000000000000000000e+00 0.000000000000000000e+00
2.800000000000000000e+01 6.000000000000000000e+00 0.000000000000000000e+00
2.800000000000000000e+01 7.000000000000000000e+00 0.000000000000000000e+00
2.800000000000000000e+01 8.000000000000000000e+00 0.000000000000000000e+00
2.800000000000000000e+01 9.000000000000000000e+00 0.000000000000000000e+00
2.800000000000000000e+01 1.000000000000000000e+01 3.334595925310410039e-05
2.800000000000000000e+01 1.100000000000000000e+01 2.578209247635052689e-04
2.800000000000000000e+01 1.200000000000000000e+01 6.249713594495481328e-04
2.800000000000000000e+01 1.300000000000000000e+01 9.680467698064326504e-04
2.800000000000000000e+01 1.400000000000000000e+01 1.162877126931849024e-03
2.800000000000000000e+01 1.500000000000000000e+01 1.162877126931849024e-03
2.800000000000000000e+01 1.600000000000000000e+01 9.680467698064326504e-04
2.800000000000000000e+01 1.700000000000000000e+01 6.249713594495485665e-04
2.800000000000000000e+01 1.800000000000000000e+01 2.578209247635052689e-04
2.800000000000000000e+01 1.900000000000000000e+01 3.334595925310410039e-05
2.800000000000000000e+01 2.000000000000000000e+01 0.000000000000000000e+00
2.800000000000000000e+01 2.100000000000000000e+01 0.000000000000000000e+00
2.800000000000000000e+01 2.200000000000000000e+01 0.000000000000000000e+00
2.800000000000000000e+01 2.300000000000000000e+01 0.000000000000000000e+00
2.800000000000000000e+01 2.400000000000000000e+01 0.000000000000000000e+00
2.800000000000000000e+01 2.500000000000000000e+01 0.000000000000000000e+00
2.800000000000000000e+01 2.600000000000000000e+01 0.000000000000000000e+00
2.800000000000000000e+01 2.700000000000000000e+01 0.000000000000000000e+00
2.800000000000000000e+01 2.800000000000000000e+01 0.000000000000000000e+00
2.800000000000000000e+01 2.900000000000000000e+01 0.000000000000000000e+00
2.900000000000000000e+01 0.000000000000000000e+00 0.000000000000000000e+00
2.900000000000000000e+01 1.000000000000000000e+00 0.000000000000000000e+00
2.900000000000000000e+01 2.000000000000000000e+00 0.000000000000000000e+00
2.900000000000000000e+01 3.000000000000000000e+00 0.000000000000000000e+00
2.900000000000000000e+01 4.000000000000000000e+00 0.000000000000000000e+00
2.900000000000000000e+01 5.000000000000000000e+00 0.000000000000000000e+00
2.900000000000000000e+01 6.000000000000000000e+00 0.000000000000000000e+00
2.900000000000000000e+01 7.000000000000000000e+00 0.000000000000000000e+00
2.900000000000000000e+01 8.000000000000000000e+00 0.000000000000000000e+00
2.900000000000000000e+01 9.000000000000000000e+00 0.000000000000000000e+00
2.900000000000000000e+01 1.000000000000000000e+01 0.000000000000000000e+00
2.900000000000000000e+01 1.100000000000000000e+01 0.000000000000000000e+00
2.900000000000000000e+01 1.200000000000000000e+01 0.000000000000000000e+00
2.900000000000000000e+01 1.300000000000000000e+01 0.000000000000000000e+00
2.900000000000000000e+01 1.400000000000000000e+01 0.000000000000000000e+00
2.900000000000000000e+01 1.500000000000000000e+01 0.000000000000000000e+00
2.900000000000000000e+01 1.600000000000000000e+01 0.000000000000000000e+00
2.900000000000000000e+01 1.700000000000000000e+01 0.000000000000000000e+00
2.900000000000000000e+01 1.800000000000000000e+01 0.000000000000000000e+00
2.900000000000000000e+01 1.900000000000000000e+01 0.000000000000000000e+00
2.900000000000000000e+01 2.000000000000000000e+01 0.000000000000000000e+00
2.900000000000000000e+01 2.100000000000000000e+01 0.000000000000000000e+00
2.900000000000000000e+01 2.200000000000000000e+01 0.000000000000000000e+00
2.900000000000000000e+01 2.300000000000000000e+01 0.000000000000000000e+00
2.900000000000000000e+01 2.400000000000000000e+01 0.000000000000000000e+00
2.900000000000000000e+01 2.500000000000000000e+01 0.000000000000000000e+00
2.900000000000000000e+01 2.600000000000000000e+01 0.000000000000000000e+00
2.900000000000000000e+01 2.700000000000000000e+01 0.000000000000000000e+00
2.900000000000000000e+01 2.800000000000000000e+01 0.000000000000000000e+00
2.900000000000000000e+01 2.900000000000000000e+01 0.000000000000000000e+00
