0.000000000000000000e+00 0.000000000000000000e+00 0.000000000000000000e+00
0.000000000000000000e+00 1.000000000000000000e+00 0.000000000000000000e+00
0.000000000000000000e+00 2.000000000000000000e+00 0.000000000000000000e+00
0.000000000000000000e+00 3.000000000000000000e+00 0.000000000000000000e+00
0.000000000000000000e+00 4.000000000000000000e+00 0.000000000000000000e+00
0.000000000000000000e+00 5.000000000000000000e+00 0.000000000000000000e+00
0.000000000000000000e+00 6.000000000000000000e+00 0.000000000000000000e+00
0.000000000000000000e+00 7.000000000000000000e+00 0.000000000000000000e+00
0.000000000000000000e+00 8.000000000000000000e+00 0.000000000000000000e+00
0.000000000000000000e+00 9.000000000000000000e+00 0.000000000000000000e+00
0.000000000000000000e+00 1.000000000000000000e+01 0.000000000000000000e+00
0.000000000000000000e+00 1.100000000000000000e+01 0.000000000000000000e+00
0.000000000000000000e+00 1.200000000000000000e+01 0.000000000000000000e+00
0.000000000000000000e+00 1.300000000000000000e+01 0.000000000000000000e+00
0.000000000000000000e+00 1.400000000000000000e+01 0.000000000000000000e+00
0.000000000000000000e+00 1.500000000000000000e+01 -0.000000000000000000e+00
0.000000000000000000e+00 1.600000000000000000e+01 -0.000000000000000000e+00
0.000000000000000000e+00 1.700000000000000000e+01 -0.000000000000000000e+00
0.000000000000000000e+00 1.800000000000000000e+01 -0.000000000000000000e+00
0.000000000000000000e+00 1.900000000000000000e+01 -0.000000000000000000e+00
0.000000000000000000e+00 2.000000000000000000e+01 -0.000000000000000000e+00
0.000000000000000000e+00 2.100000000000000000e+01 -0.000000000000000000e+00
0.000000000000000000e+00 2.200000000000000000e+01 -0.000000000000000000e+00
0.000000000000000000e+00 2.300000000000000000e+01 -0.000000000000000000e+00
0.000000000000000000e+00 2.400000000000000000e+01 -0.000000000000000000e+00
0.000000000000000000e+00 2.500000000000000000e+01 -0.000000000000000000e+00
0.000000000000000000e+00 2.600000000000000000e+01 -0.000000000000000000e+00
0.000000000000000000e+00 2.700000000000000000e+01 -0.000000000000000000e+00
0.000000000000000000e+00 2.800000000000000000e+01 -0.000000000000000000e+00
0.000000000000000000e+00 2.900000000000000000e+01 -0.000000000000000000e+00
1.000000000000000000e+00 0.000000000000000000e+00 0.000000000000000000e+00
1.000000000000000000e+00 1.000000000000000000e+00 0.000000000000000000e+00
1.000000000000000000e+00 2.000000000000000000e+00 0.000000000000000000e+00
1.000000000000000000e+00 3.000000000000000000e+00 0.000000000000000000e+00
1.000000000000000000e+00 4.000000000000000000e+00 0.000000000000000000e+00
1.000000000000000000e+00 5.000000000000000000e+00 0.000000000000000000e+00
1.000000000000000000e+00 6.000000000000000000e+00 0.000000000000000000e+00
1.000000000000000000e+00 7.000000000000000000e+00 0.000000000000000000e+00
1.000000000000000000e+00 8.000000000000000000e+00 0.000000000000000000e+00
1.000000000000000000e+00 9.000000000000000000e+00 0.000000000000000000e+00
1.000000000000000000e+00 1.000000000000000000e+01 1.034874597492029688e-05
1.000000000000000000e+00 1.100000000000000000e+01 6.223263701213605664e-05
1.000000000000000000e+00 1.200000000000000000e+01 1.077536826638811769e-04
1.000000000000000000e+00 1.300000000000000000e+01 1.001427692903205914e-04
1.000000000000000000e+00 1.400000000000000000e+01 4.009921127351212994e-05
1.000000000000000000e+00 1.500000000000000000e+01 -4.009921127351212994e-05
1.000000000000000000e+00 1.600000000000000000e+01 -1.001427692903205914e-04
1.000000000000000000e+00 1.700000000000000000e+01 -1.077536826638811904e-04
1.000000000000000000e+00 1.800000000000000000e+01 -6.223263701213605664e-05
1.000000000000000000e+00 1.900000000000000000e+01 -1.034874597492029688e-05
1.000000000000000000e+00 2.000000000000000000e+01 -0.000000000000000000e+00
1.000000000000000000e+00 2.100000000000000000e+01 -0.000000000000000000e+00
1.000000000000000000e+00 2.200000000000000000e+01 -0.000000000000000000e+00
1.000000000000000000e+00 2.300000000000000000e+01 -0.000000000000000000e+00
1.000000000000000000e+00 2.400000000000000000e+01 -0.000000000000000000e+00
1.000000000000000000e+00 2.500000000000000000e+01 -0.000000000000000000e+00
1.000000000000000000e+00 2.600000000000000000e+01 -0.000000000000000000e+00
1.000000000000000000e+00 2.700000000000000000e+01 -0.000000000000000000e+00
1.000000000000000000e+00 2.800000000000000000e+01 -0.000000000000000000e+00
1.000000000000000000e+00 2.900000000000000000e+01 -0.000000000000000000e+00
2.000000000000000000e+00 0.000000000000000000e+00 0.000000000000000000e+00
2.000000000000000000e+00 1.000000000000000000e+00 0.000000000000000000e+00
2.000000000000000000e+00 2.000000000000000000e+00 0.000000000000000000e+00
2.000000000000000000e+00 3.000000000000000000e+00 0.000000000000000000e+00
2.000000000000000000e+00 4.000000000000000000e+00 0.000000000000000000e+00
2.000000000000000000e+00 5.000000000000000000e+00 0.000000000000000000e+00
2.000000000000000000e+00 6.000000000000000000e+00 0.000000000000000000e+00
2.000000000000000000e+00 7.000000000000000000e+00 0.000000000000000000e+00
2.000000000000000000e+00 8.000000000000000000e+00 5.965399957351919067e-05
2.000000000000000000e+00 9.000000000000000000e+00 4.035910566402516443e-04
2.000000000000000000e+00 1.000000000000000000e+01 8.867798614234552197e-04
2.000000000000000000e+00 1.100000000000000000e+01 1.201437212589693757e-03
2.000000000000000000e+00 1.200000000000000000e+01 1.181843555735037328e-03
2.000000000000000000e+00 1.300000000000000000e+01 8.437815842447204647e-04
2.000000000000000000e+00 1.400000000000000000e+01 3.030636738485278751e-04
2.000000000000000000e+00 1.500000000000000000e+01 -3.030636738485278751e-04
2.000000000000000000e+00 1.600000000000000000e+01 -8.437815842447204647e-04
2.000000000000000000e+00 1.700000000000000000e+01 -1.181843555735037979e-03
2.000000000000000000e+00 1.800000000000000000e+01 -1.201437212589693757e-03
2.000000000000000000e+00 1.900000000000000000e+01 -8.867798614234552197e-04
2.000000000000000000e+00 2.000000000000000000e+01 -4.035910566402518612e-04
2.000000000000000000e+00 2.100000000000000000e+01 -5.965399957351919067e-05
2.000000000000000000e+00 2.200000000000000000e+01 -0.000000000000000000e+00
2.000000000000000000e+00 2.300000000000000000e+01 -0.000000000000000000e+00
2.000000000000000000e+00 2.400000000000000000e+01 -0.000000000000000000e+00
2.000000000000000000e+00 2.500000000000000000e+01 -0.000000000000000000e+00
2.000000000000000000e+00 2.600000000000000000e+01 -0.000000000000000000e+00
2.000000000000000000e+00 2.700000000000000000e+01 -0.000000000000000000e+00
2.000000000000000000e+00 2.800000000000000000e+01 -0.000000000000000000e+00
2.000000000000000000e+00 2.900000000000000000e+01 -0.000000000000000000e+00
3.000000000000000000e+00 0.000000000000000000e+00 0.000000000000000000e+00
3.000000000000000000e+00 1.000000000000000000e+00 0.000000000000000000e+00
3.000000000000000000e+00 2.000000000000000000e+00 0.000000000000000000e+00
3.000000000000000000e+00 3.000000000000000000e+00 0.000000000000000000e+00
3.000000000000000000e+00 4.000000000000000000e+00 0.000000000000000000e+00
3.000000000000000000e+00 5.000000000000000000e+00 0.000000000000000000e+00
3.000000000000000000e+00 6.000000000000000000e+00 9.064378053569179769e-06
3.000000000000000000e+00 7.000000000000000000e+00 4.637278718655017651e-04
3.000000000000000000e+00 8.000000000000000000e+00 1.809788275713104582e-03
3.000000000000000000e+00 9.000000000000000000e+00 3.515517341767483359e-03
3.000000000000000000e+00 1.000000000000000000e+01 4.734187666560955680e-03
3.000000000000000000e+00 1.100000000000000000e+01 4.978721680251370178e-03
3.000000000000000000e+00 1.200000000000000000e+01 4.245197773466904273e-03
3.000000000000000000e+00 1.300000000000000000e+01 2.801581063938067984e-03
3.000000000000000000e+00 1.400000000000000000e+01 9.718138170872191476e-04
3.000000000000000000e+00 1.500000000000000000e+01 -9.718138170872191476e-04
3.000000000000000000e+00 1.600000000000000000e+01 -2.801581063938067984e-03
3.000000000000000000e+00 1.700000000000000000e+01 -4.245197773466900804e-03
3.000000000000000000e+00 1.800000000000000000e+01 -4.978721680251370178e-03
3.000000000000000000e+00 1.900000000000000000e+01 -4.734187666560955680e-03
3.000000000000000000e+00 2.000000000000000000e+01 -3.515517341767479022e-03
3.000000000000000000e+00 2.100000000000000000e+01 -1.809788275713104582e-03
3.000000000000000000e+00 2.200000000000000000e+01 -4.637278718665717100e-04
3.000000000000000000e+00 2.300000000000000000e+01 -9.064378053569179769e-06
3.000000000000000000e+00 2.400000000000000000e+01 -0.000000000000000000e+00
3.000000000000000000e+00 2.500000000000000000e+01 -0.000000000000000000e+00
3.000000000000000000e+00 2.600000000000000000e+01 -0.000000000000000000e+00
3.000000000000000000e+00 2.700000000000000000e+01 -0.000000000000000000e+00
3.000000000000000000e+00 2.800000000000000000e+01 -0.000000000000000000e+00
3.000000000000000000e+00 2.900000000000000000e+01 -0.000000000000000000e+00
4.000000000000000000e+00 0.000000000000000000e+00 0.000000000000000000e+00
4.000000000000000000e+00 1.000000000000000000e+00 0.000000000000000000e+00
4.000000000000000000e+00 2.000000000000000000e+00 0.000000000000000000e+00
4.000000000000000000e+00 3.000000000000000000e+00 0.000000000000000000e+00
4.000000000000000000e+00 4.000000000000000000e+00 0.000000000000000000e+00
4.000000000000000000e+00 5.000000000000000000e+00 4.749350350052424711e-05
4.000000000000000000e+00 6.000000000000000000e+00 1.111631509817244921e-03
4.000000000000000000e+00 7.000000000000000000e+00 4.153350945191462522e-03
4.000000000000000000e+00 8.000000000000000000e+00 8.395303984867420050e-03
4.000000000000000000e+00 9.000000000000000000e+00 1.196531937425009476e-02
4.000000000000000000e+00 1.000000000000000000e+01 1.346453537342380199e-02
4.000000000000000000e+00 1.100000000000000000e+01 1.267056063905691241e-02
4.000000000000000000e+00 1.200000000000000000e+01 1.008735041629797539e-02
4.000000000000000000e+00 1.300000000000000000e+01 6.399293380024607611e-03
4.000000000000000000e+00 1.400000000000000000e+01 2.180977389786908655e-03
4.000000000000000000e+00 1.500000000000000000e+01 -2.180977389786908655e-03
4.000000000000000000e+00 1.600000000000000000e+01 -6.399293380024607611e-03
4.000000000000000000e+00 1.700000000000000000e+01 -1.008735041629795284e-02
4.000000000000000000e+00 1.800000000000000000e+01 -1.267056063905691241e-02
4.000000000000000000e+00 1.900000000000000000e+01 -1.346453537342380199e-02
4.000000000000000000e+00 2.000000000000000000e+01 -1.196531937425058742e-02
4.000000000000000000e+00 2.100000000000000000e+01 -8.395303984867420050e-03
4.000000000000000000e+00 2.200000000000000000e+01 -4.153350945191463389e-03
4.000000000000000000e+00 2.300000000000000000e+01 -1.111631509817244921e-03
4.000000000000000000e+00 2.400000000000000000e+01 -4.749350350052424711e-05
4.000000000000000000e+00 2.500000000000000000e+01 -0.000000000000000000e+00
4.000000000000000000e+00 2.600000000000000000e+01 -0.000000000000000000e+00
4.000000000000000000e+00 2.700000000000000000e+01 -0.000000000000000000e+00
4.000000000000000000e+00 2.800000000000000000e+01 -0.000000000000000000e+00
4.000000000000000000e+00 2.900000000000000000e+01 -0.000000000000000000e+00
5.000000000000000000e+00 0.000000000000000000e+00 0.000000000000000000e+00
5.000000000000000000e+00 1.000000000000000000e+00 0.000000000000000000e+00
5.000000000000000000e+00 2.000000000000000000e+00 0.000000000000000000e+00
5.000000000000000000e+00 3.000000000000000000e+00 0.000000000000000000e+00
5.000000000000000000e+00 4.000000000000000000e+00 4.749350350052424711e-05
5.000000000000000000e+00 5.000000000000000000e+00 1.442960898661109579e-03
5.000000000000000000e+00 6.000000000000000000e+00 6.153928171241902952e-03
5.000000000000000000e+00 7.000000000000000000e+00 1.409578766854702181e-02
5.000000000000000000e+00 8.000000000000000000e+00 2.247228860495563071e-02
5.000000000000000000e+00 9.000000000000000000e+00 2.772489111844169546e-02
5.000000000000000000e+00 1.000000000000000000e+01 2.829223740735590728e-02
5.000000000000000000e+00 1.100000000000000000e+01 2.487740146400064384e-02
5.000000000000000000e+00 1.200000000000000000e+01 1.895845970087757862e-02
5.000000000000000000e+00 1.300000000000000000e+01 1.172767360740439510e-02
5.000000000000000000e+00 1.400000000000000000e+01 3.954329553480433711e-03
5.000000000000000000e+00 1.500000000000000000e+01 -3.954329553480433711e-03
5.000000000000000000e+00 1.600000000000000000e+01 -1.172767360740439510e-02
5.000000000000000000e+00 1.700000000000000000e+01 -1.895845970087756474e-02
5.000000000000000000e+00 1.800000000000000000e+01 -2.487740146400064384e-02
5.000000000000000000e+00 1.900000000000000000e+01 -2.829223740735590728e-02
5.000000000000000000e+00 2.000000000000000000e+01 -2.772489111844165036e-02
5.000000000000000000e+00 2.100000000000000000e+01 -2.247228860495563071e-02
5.000000000000000000e+00 2.200000000000000000e+01 -1.409578766854758906e-02
5.000000000000000000e+00 2.300000000000000000e+01 -6.153928171241902952e-03
5.000000000000000000e+00 2.400000000000000000e+01 -1.442960898661109579e-03
5.000000000000000000e+00 2.500000000000000000e+01 -4.749350350052428100e-05
5.000000000000000000e+00 2.600000000000000000e+01 -0.000000000000000000e+00
5.000000000000000000e+00 2.700000000000000000e+01 -0.000000000000000000e+00
5.000000000000000000e+00 2.800000000000000000e+01 -0.000000000000000000e+00
5.000000000000000000e+00 2.900000000000000000e+01 -0.000000000000000000e+00
6.000000000000000000e+00 0.000000000000000000e+00 0.000000000000000000e+00
6.000000000000000000e+00 1.000000000000000000e+00 0.000000000000000000e+00
6.000000000000000000e+00 2.000000000000000000e+00 0.000000000000000000e+00
6.000000000000000000e+00 3.000000000000000000e+00 9.064378053569179769e-06
6.000000000000000000e+00 4.000000000000000000e+00 1.111631509817244921e-03
6.000000000000000000e+00 5.000000000000000000e+00 6.153928171241902952e-03
6.000000000000000000e+00 6.000000000000000000e+00 1.681475801566155448e-02
6.000000000000000000e+00 7.000000000000000000e+00 3.139156863581365337e-02
6.000000000000000000e+00 8.000000000000000000e+00 4.434293354648763397e-02
6.000000000000000000e+00 9.000000000000000000e+00 5.031998936258902377e-02
6.000000000000000000e+00 1.000000000000000000e+01 4.828998242597237062e-02
6.000000000000000000e+00 1.100000000000000000e+01 4.058759784460679032e-02
6.000000000000000000e+00 1.200000000000000000e+01 2.997795215684952858e-02
6.000000000000000000e+00 1.300000000000000000e+01 1.822311274030337727e-02
6.000000000000000000e+00 1.400000000000000000e+01 6.103309903376266492e-03
6.000000000000000000e+00 1.500000000000000000e+01 -6.103309903376266492e-03
6.000000000000000000e+00 1.600000000000000000e+01 -1.822311274030337727e-02
6.000000000000000000e+00 1.700000000000000000e+01 -2.997795215684955286e-02
6.000000000000000000e+00 1.800000000000000000e+01 -4.058759784460679032e-02
6.000000000000000000e+00 1.900000000000000000e+01 -4.828998242597237062e-02
6.000000000000000000e+00 2.000000000000000000e+01 -5.031998936258907235e-02
6.000000000000000000e+00 2.100000000000000000e+01 -4.434293354648763397e-02
6.000000000000000000e+00 2.200000000000000000e+01 -3.139156863581451379e-02
6.000000000000000000e+00 2.300000000000000000e+01 -1.681475801566155448e-02
6.000000000000000000e+00 2.400000000000000000e+01 -6.153928171241902952e-03
6.000000000000000000e+00 2.500000000000000000e+01 -1.111631509816431119e-03
6.000000000000000000e+00 2.600000000000000000e+01 -9.064378053569179769e-06
6.000000000000000000e+00 2.700000000000000000e+01 -0.000000000000000000e+00
6.000000000000000000e+00 2.800000000000000000e+01 -0.000000000000000000e+00
6.000000000000000000e+00 2.900000000000000000e+01 -0.000000000000000000e+00
7.000000000000000000e+00 0.000000000000000000e+00 0.000000000000000000e+00
7.000000000000000000e+00 1.000000000000000000e+00 0.000000000000000000e+00
7.000000000000000000e+00 2.000000000000000000e+00 0.000000000000000000e+00
7.000000000000000000e+00 3.000000000000000000e+00 4.637278718655017651e-04
7.000000000000000000e+00 4.000000000000000000e+00 4.153350945191462522e-03
7.000000000000000000e+00 5.000000000000000000e+00 1.409578766854702181e-02
7.000000000000000000e+00 6.000000000000000000e+00 3.139156863581365337e-02
7.000000000000000000e+00 7.000000000000000000e+00 5.245093727831182107e-02
7.000000000000000000e+00 8.000000000000000000e+00 6.900785291383329523e-02
7.000000000000000000e+00 9.000000000000000000e+00 7.444074918632036242e-02
7.000000000000000000e+00 1.000000000000000000e+01 6.881756474457546846e-02
7.000000000000000000e+00 1.100000000000000000e+01 5.628977525768454060e-02
7.000000000000000000e+00 1.200000000000000000e+01 4.078615320180190712e-02
7.000000000000000000e+00 1.300000000000000000e+01 2.452435991577180119e-02
7.000000000000000000e+00 1.400000000000000000e+01 8.180559526626643777e-03
7.000000000000000000e+00 1.500000000000000000e+01 -8.180559526626643777e-03
7.000000000000000000e+00 1.600000000000000000e+01 -2.452435991577180119e-02
7.000000000000000000e+00 1.700000000000000000e+01 -4.078615320180192100e-02
7.000000000000000000e+00 1.800000000000000000e+01 -5.628977525768454060e-02
7.000000000000000000e+00 1.900000000000000000e+01 -6.881756474457546846e-02
7.000000000000000000e+00 2.000000000000000000e+01 -7.444074918632026527e-02
7.000000000000000000e+00 2.100000000000000000e+01 -6.900785291383329523e-02
7.000000000000000000e+00 2.200000000000000000e+01 -5.245093727831203617e-02
7.000000000000000000e+00 2.300000000000000000e+01 -3.139156863581365337e-02
7.000000000000000000e+00 2.400000000000000000e+01 -1.409578766854702181e-02
7.000000000000000000e+00 2.500000000000000000e+01 -4.153350945190903074e-03
7.000000000000000000e+00 2.600000000000000000e+01 -4.637278718655017651e-04
7.000000000000000000e+00 2.700000000000000000e+01 -0.000000000000000000e+00
7.000000000000000000e+00 2.800000000000000000e+01 -0.000000000000000000e+00
7.000000000000000000e+00 2.900000000000000000e+01 -0.000000000000000000e+00
8.000000000000000000e+00 0.000000000000000000e+00 0.000000000000000000e+00
8.000000000000000000e+00 1.000000000000000000e+00 0.000000000000000000e+00
8.000000000000000000e+00 2.000000000000000000e+00 5.965399957351919067e-05
8.000000000000000000e+00 3.000000000000000000e+00 1.809788275713104366e-03
8.000000000000000000e+00 4.000000000000000000e+00 8.395303984867420050e-03
8.000000000000000000e+00 5.000000000000000000e+00 2.247228860495563071e-02
8.000000000000000000e+00 6.000000000000000000e+00 4.434293354648763397e-02
8.000000000000000000e+00 7.000000000000000000e+00 6.900785291383328135e-02
8.000000000000000000e+00 8.000000000000000000e+00 8.687996989972118778e-02
8.000000000000000000e+00 9.000000000000000000e+00 9.116700006600535200e-02
8.000000000000000000e+00 1.000000000000000000e+01 8.283001164174452757e-02
8.000000000000000000e+00 1.100000000000000000e+01 6.702226371255994020e-02
8.000000000000000000e+00 1.200000000000000000e+01 4.825125121839538705e-02
8.000000000000000000e+00 1.300000000000000000e+01 2.889891363311648462e-02
8.000000000000000000e+00 1.400000000000000000e+01 9.618579526054648124e-03
8.000000000000000000e+00 1.500000000000000000e+01 -9.618579526054648124e-03
8.000000000000000000e+00 1.600000000000000000e+01 -2.889891363311648462e-02
8.000000000000000000e+00 1.700000000000000000e+01 -4.825125121839540787e-02
8.000000000000000000e+00 1.800000000000000000e+01 -6.702226371255994020e-02
8.000000000000000000e+00 1.900000000000000000e+01 -8.283001164174452757e-02
8.000000000000000000e+00 2.000000000000000000e+01 -9.116700006600572670e-02
8.000000000000000000e+00 2.100000000000000000e+01 -8.687996989972118778e-02
8.000000000000000000e+00 2.200000000000000000e+01 -6.900785291383321196e-02
8.000000000000000000e+00 2.300000000000000000e+01 -4.434293354648763397e-02
8.000000000000000000e+00 2.400000000000000000e+01 -2.247228860495563071e-02
8.000000000000000000e+00 2.500000000000000000e+01 -8.395303984867723626e-03
8.000000000000000000e+00 2.600000000000000000e+01 -1.809788275713104366e-03
8.000000000000000000e+00 2.700000000000000000e+01 -5.965399957351919067e-05
8.000000000000000000e+00 2.800000000000000000e+01 -0.000000000000000000e+00
8.000000000000000000e+00 2.900000000000000000e+01 -0.000000000000000000e+00
9.000000000000000000e+00 0.000000000000000000e+00 0.000000000000000000e+00
9.000000000000000000e+00 1.000000000000000000e+00 0.000000000000000000e+00
9.000000000000000000e+00 2.000000000000000000e+00 4.035910566402515901e-04
9.000000000000000000e+00 3.000000000000000000e+00 3.515517341767483359e-03
9.000000000000000000e+00 4.000000000000000000e+00 1.196531937425009476e-02
9.000000000000000000e+00 5.000000000000000000e+00 2.772489111844169546e-02
9.000000000000000000e+00 6.000000000000000000e+00 5.031998936258903071e-02
9.000000000000000000e+00 7.000000000000000000e+00 7.444074918632036242e-02
9.000000000000000000e+00 8.000000000000000000e+00 9.116700006600535200e-02
9.000000000000000000e+00 9.000000000000000000e+00 9.456758083316182950e-02
9.000000000000000000e+00 1.000000000000000000e+01 8.572755761768789673e-02
9.000000000000000000e+00 1.100000000000000000e+01 6.951733056099475283e-02
9.000000000000000000e+00 1.200000000000000000e+01 5.023753962621369668e-02
9.000000000000000000e+00 1.300000000000000000e+01 3.013042505571285334e-02
9.000000000000000000e+00 1.400000000000000000e+01 1.002151336572855780e-02
9.000000000000000000e+00 1.500000000000000000e+01 -1.002151336572855780e-02
9.000000000000000000e+00 1.600000000000000000e+01 -3.013042505571285334e-02
9.000000000000000000e+00 1.700000000000000000e+01 -5.023753962621366892e-02
9.000000000000000000e+00 1.800000000000000000e+01 -6.951733056099475283e-02
9.000000000000000000e+00 1.900000000000000000e+01 -8.572755761768789673e-02
9.000000000000000000e+00 2.000000000000000000e+01 -9.456758083316177399e-02
9.000000000000000000e+00 2.100000000000000000e+01 -9.116700006600535200e-02
9.000000000000000000e+00 2.200000000000000000e+01 -7.444074918632004323e-02
9.000000000000000000e+00 2.300000000000000000e+01 -5.031998936258903071e-02
9.000000000000000000e+00 2.400000000000000000e+01 -2.772489111844169546e-02
9.000000000000000000e+00 2.500000000000000000e+01 -1.196531937425046078e-02
9.000000000000000000e+00 2.600000000000000000e+01 -3.515517341767483359e-03
9.000000000000000000e+00 2.700000000000000000e+01 -4.035910566402515901e-04
9.000000000000000000e+00 2.800000000000000000e+01 -0.000000000000000000e+00
9.000000000000000000e+00 2.900000000000000000e+01 -0.000000000000000000e+00
1.000000000000000000e+01 0.000000000000000000e+00 0.000000000000000000e+00
1.000000000000000000e+01 1.000000000000000000e+00 1.034874597492029688e-05
1.000000000000000000e+01 2.000000000000000000e+00 8.867798614234553281e-04
1.000000000000000000e+01 3.000000000000000000e+00 4.734187666560955680e-03
1.000000000000000000e+01 4.000000000000000000e+00 1.346453537342380026e-02
1.000000000000000000e+01 5.000000000000000000e+00 2.829223740735590728e-02
1.000000000000000000e+01 6.000000000000000000e+00 4.828998242597237756e-02
1.000000000000000000e+01 7.000000000000000000e+00 6.881756474457546846e-02
1.000000000000000000e+01 8.000000000000000000e+00 8.283001164174452757e-02
1.000000000000000000e+01 9.000000000000000000e+00 8.572755761768791061e-02
1.000000000000000000e+01 1.000000000000000000e+01 7.821250874778064299e-02
1.000000000000000000e+01 1.100000000000000000e+01 6.404300559029507678e-02
1.000000000000000000e+01 1.200000000000000000e+01 4.665167696469987857e-02
1.000000000000000000e+01 1.300000000000000000e+01 2.809202518233171186e-02
1.000000000000000000e+01 1.400000000000000000e+01 9.350297894380093025e-03
1.000000000000000000e+01 1.500000000000000000e+01 -9.350297894380093025e-03
1.000000000000000000e+01 1.600000000000000000e+01 -2.809202518233171186e-02
1.000000000000000000e+01 1.700000000000000000e+01 -4.665167696469987163e-02
1.000000000000000000e+01 1.800000000000000000e+01 -6.404300559029507678e-02
1.000000000000000000e+01 1.900000000000000000e+01 -7.821250874778064299e-02
1.000000000000000000e+01 2.000000000000000000e+01 -8.572755761768791061e-02
1.000000000000000000e+01 2.100000000000000000e+01 -8.283001164174452757e-02
1.000000000000000000e+01 2.200000000000000000e+01 -6.881756474457542683e-02
1.000000000000000000e+01 2.300000000000000000e+01 -4.828998242597237756e-02
1.000000000000000000e+01 2.400000000000000000e+01 -2.829223740735590728e-02
1.000000000000000000e+01 2.500000000000000000e+01 -1.346453537342387659e-02
1.000000000000000000e+01 2.600000000000000000e+01 -4.734187666560955680e-03
1.000000000000000000e+01 2.700000000000000000e+01 -8.867798614234553281e-04
1.000000000000000000e+01 2.800000000000000000e+01 -1.034874597510127055e-05
1.000000000000000000e+01 2.900000000000000000e+01 -0.000000000000000000e+00
1.100000000000000000e+01 0.000000000000000000e+00 0.000000000000000000e+00
1.100000000000000000e+01 1.000000000000000000e+00 6.223263701213604308e-05
1.100000000000000000e+01 2.000000000000000000e+00 1.201437212589693757e-03
1.100000000000000000e+01 3.000000000000000000e+00 4.978721680251370178e-03
1.100000000000000000e+01 4.000000000000000000e+00 1.267056063905691241e-02
1.100000000000000000e+01 5.000000000000000000e+00 2.487740146400064384e-02
1.100000000000000000e+01 6.000000000000000000e+00 4.058759784460679032e-02
1.100000000000000000e+01 7.000000000000000000e+00 5.628977525768453366e-02
1.100000000000000000e+01 8.000000000000000000e+00 6.702226371255995407e-02
1.100000000000000000e+01 9.000000000000000000e+00 6.951733056099475283e-02
1.100000000000000000e+01 1.000000000000000000e+01 6.404300559029507678e-02
1.100000000000000000e+01 1.100000000000000000e+01 5.299913303134699827e-02
1.100000000000000000e+01 1.200000000000000000e+01 3.890174851351971275e-02
1.100000000000000000e+01 1.300000000000000000e+01 2.353168434380773985e-02
1.100000000000000000e+01 1.400000000000000000e+01 7.844992128302252787e-03
1.100000000000000000e+01 1.500000000000000000e+01 -7.844992128302252787e-03
1.100000000000000000e+01 1.600000000000000000e+01 -2.353168434380773985e-02
1.100000000000000000e+01 1.700000000000000000e+01 -3.890174851351974744e-02
1.100000000000000000e+01 1.800000000000000000e+01 -5.299913303134699827e-02
1.100000000000000000e+01 1.900000000000000000e+01 -6.404300559029507678e-02
1.100000000000000000e+01 2.000000000000000000e+01 -6.951733056099482222e-02
1.100000000000000000e+01 2.100000000000000000e+01 -6.702226371255995407e-02
1.100000000000000000e+01 2.200000000000000000e+01 -5.628977525768461693e-02
1.100000000000000000e+01 2.300000000000000000e+01 -4.058759784460679032e-02
1.100000000000000000e+01 2.400000000000000000e+01 -2.487740146400064384e-02
1.100000000000000000e+01 2.500000000000000000e+01 -1.267056063905722119e-02
1.100000000000000000e+01 2.600000000000000000e+01 -4.978721680251370178e-03
1.100000000000000000e+01 2.700000000000000000e+01 -1.201437212589693757e-03
1.100000000000000000e+01 2.800000000000000000e+01 -6.223263701188059150e-05
1.100000000000000000e+01 2.900000000000000000e+01 -0.000000000000000000e+00
1.200000000000000000e+01 0.000000000000000000e+00 0.000000000000000000e+00
1.200000000000000000e+01 1.000000000000000000e+00 1.077536826638811769e-04
1.200000000000000000e+01 2.000000000000000000e+00 1.181843555735037545e-03
1.200000000000000000e+01 3.000000000000000000e+00 4.245197773466904273e-03
1.200000000000000000e+01 4.000000000000000000e+00 1.008735041629797539e-02
1.200000000000000000e+01 5.000000000000000000e+00 1.895845970087758209e-02
1.200000000000000000e+01 6.000000000000000000e+00 2.997795215684952858e-02
1.200000000000000000e+01 7.000000000000000000e+00 4.078615320180190018e-02
1.200000000000000000e+01 8.000000000000000000e+00 4.825125121839538705e-02
1.200000000000000000e+01 9.000000000000000000e+00 5.023753962621368974e-02
1.200000000000000000e+01 1.000000000000000000e+01 4.665167696469987857e-02
1.200000000000000000e+01 1.100000000000000000e+01 3.890174851351971969e-02
1.200000000000000000e+01 1.200000000000000000e+01 2.872303749730991881e-02
1.200000000000000000e+01 1.300000000000000000e+01 1.744175044806417843e-02
1.200000000000000000e+01 1.400000000000000000e+01 5.824960246725746291e-03
1.200000000000000000e+01 1.500000000000000000e+01 -5.824960246725746291e-03
1.200000000000000000e+01 1.600000000000000000e+01 -1.744175044806417843e-02
1.200000000000000000e+01 1.700000000000000000e+01 -2.872303749730988759e-02
1.200000000000000000e+01 1.800000000000000000e+01 -3.890174851351971969e-02
1.200000000000000000e+01 1.900000000000000000e+01 -4.665167696469987857e-02
1.200000000000000000e+01 2.000000000000000000e+01 -5.023753962621365504e-02
1.200000000000000000e+01 2.100000000000000000e+01 -4.825125121839538705e-02
1.200000000000000000e+01 2.200000000000000000e+01 -4.078615320180194181e-02
1.200000000000000000e+01 2.300000000000000000e+01 -2.997795215684952858e-02
1.200000000000000000e+01 2.400000000000000000e+01 -1.895845970087758209e-02
1.200000000000000000e+01 2.500000000000000000e+01 -1.008735041629808815e-02
1.200000000000000000e+01 2.600000000000000000e+01 -4.245197773466904273e-03
1.200000000000000000e+01 2.700000000000000000e+01 -1.181843555735037545e-03
1.200000000000000000e+01 2.800000000000000000e+01 -1.077536826637151991e-04
1.200000000000000000e+01 2.900000000000000000e+01 -0.000000000000000000e+00
1.300000000000000000e+01 0.000000000000000000e+00 0.000000000000000000e+00
1.300000000000000000e+01 1.000000000000000000e+00 1.001427692903205914e-04
1.300000000000000000e+01 2.000000000000000000e+00 8.437815842447204647e-04
1.300000000000000000e+01 3.000000000000000000e+00 2.801581063938067984e-03
1.300000000000000000e+01 4.000000000000000000e+00 6.399293380024607611e-03
1.300000000000000000e+01 5.000000000000000000e+00 1.172767360740439510e-02
1.300000000000000000e+01 6.000000000000000000e+00 1.822311274030337727e-02
1.300000000000000000e+01 7.000000000000000000e+00 2.452435991577180466e-02
1.300000000000000000e+01 8.000000000000000000e+00 2.889891363311648462e-02
1.300000000000000000e+01 9.000000000000000000e+00 3.013042505571284987e-02
1.300000000000000000e+01 1.000000000000000000e+01 2.809202518233171186e-02
1.300000000000000000e+01 1.100000000000000000e+01 2.353168434380774332e-02
1.300000000000000000e+01 1.200000000000000000e+01 1.744175044806417843e-02
1.300000000000000000e+01 1.300000000000000000e+01 1.062001896327939565e-02
1.300000000000000000e+01 1.400000000000000000e+01 3.551653244892446267e-03
1.300000000000000000e+01 1.500000000000000000e+01 -3.551653244892446267e-03
1.300000000000000000e+01 1.600000000000000000e+01 -1.062001896327939565e-02
1.300000000000000000e+01 1.700000000000000000e+01 -1.744175044806417843e-02
1.300000000000000000e+01 1.800000000000000000e+01 -2.353168434380774332e-02
1.300000000000000000e+01 1.900000000000000000e+01 -2.809202518233171186e-02
1.300000000000000000e+01 2.000000000000000000e+01 -3.013042505571286375e-02
1.300000000000000000e+01 2.100000000000000000e+01 -2.889891363311648462e-02
1.300000000000000000e+01 2.200000000000000000e+01 -2.452435991577181507e-02
1.300000000000000000e+01 2.300000000000000000e+01 -1.822311274030337727e-02
1.300000000000000000e+01 2.400000000000000000e+01 -1.172767360740439510e-02
1.300000000000000000e+01 2.500000000000000000e+01 -6.399293380024650112e-03
1.300000000000000000e+01 2.600000000000000000e+01 -2.801581063938067984e-03
1.300000000000000000e+01 2.700000000000000000e+01 -8.437815842447204647e-04
1.300000000000000000e+01 2.800000000000000000e+01 -1.001427692903206050e-04
1.300000000000000000e+01 2.900000000000000000e+01 -0.000000000000000000e+00
1.400000000000000000e+01 0.000000000000000000e+00 0.000000000000000000e+00
1.400000000000000000e+01 1.000000000000000000e+00 4.009921127351212316e-05
1.400000000000000000e+01 2.000000000000000000e+00 3.030636738485278751e-04
1.400000000000000000e+01 3.000000000000000000e+00 9.718138170872192561e-04
1.400000000000000000e+01 4.000000000000000000e+00 2.180977389786908655e-03
1.400000000000000000e+01 5.000000000000000000e+00 3.954329553480433711e-03
1.400000000000000000e+01 6.000000000000000000e+00 6.103309903376266492e-03
1.400000000000000000e+01 7.000000000000000000e+00 8.180559526626643777e-03
1.400000000000000000e+01 8.000000000000000000e+00 9.618579526054648124e-03
1.400000000000000000e+01 9.000000000000000000e+00 1.002151336572855780e-02
1.400000000000000000e+01 1.000000000000000000e+01 9.350297894380091290e-03
1.400000000000000000e+01 1.100000000000000000e+01 7.844992128302252787e-03
1.400000000000000000e+01 1.200000000000000000e+01 5.824960246725746291e-03
1.400000000000000000e+01 1.300000000000000000e+01 3.551653244892446267e-03
1.400000000000000000e+01 1.400000000000000000e+01 1.188695749675558423e-03
1.400000000000000000e+01 1.500000000000000000e+01 -1.188695749675558423e-03
1.400000000000000000e+01 1.600000000000000000e+01 -3.551653244892446267e-03
1.400000000000000000e+01 1.700000000000000000e+01 -5.824960246725748025e-03
1.400000000000000000e+01 1.800000000000000000e+01 -7.844992128302252787e-03
1.400000000000000000e+01 1.900000000000000000e+01 -9.350297894380091290e-03
1.400000000000000000e+01 2.000000000000000000e+01 -1.002151336572855954e-02
1.400000000000000000e+01 2.100000000000000000e+01 -9.618579526054648124e-03
1.400000000000000000e+01 2.200000000000000000e+01 -8.180559526626647246e-03
1.400000000000000000e+01 2.300000000000000000e+01 -6.103309903376266492e-03
1.400000000000000000e+01 2.400000000000000000e+01 -3.954329553480433711e-03
1.400000000000000000e+01 2.500000000000000000e+01 -2.180977389786912125e-03
1.400000000000000000e+01 2.600000000000000000e+01 -9.718138170872192561e-04
1.400000000000000000e+01 2.700000000000000000e+01 -3.030636738485278751e-04
1.400000000000000000e+01 2.800000000000000000e+01 -4.009921127351211639e-05
1.400000000000000000e+01 2.900000000000000000e+01 -0.000000000000000000e+00
1.500000000000000000e+01 0.000000000000000000e+00 -0.000000000000000000e+00
1.500000000000000000e+01 1.000000000000000000e+00 -4.009921127351212316e-05
1.500000000000000000e+01 2.000000000000000000e+00 -3.030636738485278751e-04
1.500000000000000000e+01 3.000000000000000000e+00 -9.718138170872192561e-04
1.500000000000000000e+01 4.000000000000000000e+00 -2.180977389786908655e-03
1.500000000000000000e+01 5.000000000000000000e+00 -3.954329553480433711e-03
1.500000000000000000e+01 6.000000000000000000e+00 -6.103309903376266492e-03
1.500000000000000000e+01 7.000000000000000000e+00 -8.180559526626643777e-03
1.500000000000000000e+01 8.000000000000000000e+00 -9.618579526054648124e-03
1.500000000000000000e+01 9.000000000000000000e+00 -1.002151336572855780e-02
1.500000000000000000e+01 1.000000000000000000e+01 -9.350297894380091290e-03
1.500000000000000000e+01 1.100000000000000000e+01 -7.844992128302252787e-03
1.500000000000000000e+01 1.200000000000000000e+01 -5.824960246725746291e-03
1.500000000000000000e+01 1.300000000000000000e+01 -3.551653244892446267e-03
1.500000000000000000e+01 1.400000000000000000e+01 -1.188695749675558423e-03
1.500000000000000000e+01 1.500000000000000000e+01 1.188695749675558423e-03
1.500000000000000000e+01 1.600000000000000000e+01 3.551653244892446267e-03
1.500000000000000000e+01 1.700000000000000000e+01 5.824960246725748025e-03
1.500000000000000000e+01 1.800000000000000000e+01 7.844992128302252787e-03
1.500000000000000000e+01 1.900000000000000000e+01 9.350297894380091290e-03
1.500000000000000000e+01 2.000000000000000000e+01 1.002151336572855954e-02
1.500000000000000000e+01 2.100000000000000000e+01 9.618579526054648124e-03
1.500000000000000000e+01 2.200000000000000000e+01 8.180559526626647246e-03
1.500000000000000000e+01 2.300000000000000000e+01 6.103309903376266492e-03
1.500000000000000000e+01 2.400000000000000000e+01 3.954329553480433711e-03
1.500000000000000000e+01 2.500000000000000000e+01 2.180977389786912125e-03
1.500000000000000000e+01 2.600000000000000000e+01 9.718138170872192561e-04
1.500000000000000000e+01 2.700000000000000000e+01 3.030636738485278751e-04
1.500000000000000000e+01 2.800000000000000000e+01 4.009921127351211639e-05
1.500000000000000000e+01 2.900000000000000000e+01 0.000000000000000000e+00
1.600000000000000000e+01 0.000000000000000000e+00 -0.000000000000000000e+00
1.600000000000000000e+01 1.000000000000000000e+00 -1.001427692903205914e-04
1.600000000000000000e+01 2.000000000000000000e+00 -8.437815842447204647e-04
1.600000000000000000e+01 3.000000000000000000e+00 -2.801581063938067984e-03
1.600000000000000000e+01 4.000000000000000000e+00 -6.399293380024607611e-03
1.600000000000000000e+01 5.000000000000000000e+00 -1.172767360740439510e-02
1.600000000000000000e+01 6.000000000000000000e+00 -1.822311274030337727e-02
1.600000000000000000e+01 7.000000000000000000e+00 -2.452435991577180466e-02
1.600000000000000000e+01 8.000000000000000000e+00 -2.889891363311648462e-02
1.600000000000000000e+01 9.000000000000000000e+00 -3.013042505571284987e-02
1.600000000000000000e+01 1.000000000000000000e+01 -2.809202518233171186e-02
1.600000000000000000e+01 1.100000000000000000e+01 -2.353168434380774332e-02
1.600000000000000000e+01 1.200000000000000000e+01 -1.744175044806417843e-02
1.600000000000000000e+01 1.300000000000000000e+01 -1.062001896327939565e-02
1.600000000000000000e+01 1.400000000000000000e+01 -3.551653244892446267e-03
1.600000000000000000e+01 1.500000000000000000e+01 3.551653244892446267e-03
1.600000000000000000e+01 1.600000000000000000e+01 1.062001896327939565e-02
1.600000000000000000e+01 1.700000000000000000e+01 1.744175044806417843e-02
1.600000000000000000e+01 1.800000000000000000e+01 2.353168434380774332e-02
1.600000000000000000e+01 1.900000000000000000e+01 2.809202518233171186e-02
1.600000000000000000e+01 2.000000000000000000e+01 3.013042505571286375e-02
1.600000000000000000e+01 2.100000000000000000e+01 2.889891363311648462e-02
1.600000000000000000e+01 2.200000000000000000e+01 2.452435991577181507e-02
1.600000000000000000e+01 2.300000000000000000e+01 1.822311274030337727e-02
1.600000000000000000e+01 2.400000000000000000e+01 1.172767360740439510e-02
1.600000000000000000e+01 2.500000000000000000e+01 6.399293380024650112e-03
1.600000000000000000e+01 2.600000000000000000e+01 2.801581063938067984e-03
1.600000000000000000e+01 2.700000000000000000e+01 8.437815842447204647e-04
1.600000000000000000e+01 2.800000000000000000e+01 1.001427692903206050e-04
1.600000000000000000e+01 2.900000000000000000e+01 0.000000000000000000e+00
1.700000000000000000e+01 0.000000000000000000e+00 -0.000000000000000000e+00
1.700000000000000000e+01 1.000000000000000000e+00 -1.077536826638811769e-04
1.700000000000000000e+01 2.000000000000000000e+00 -1.181843555735037762e-03
1.700000000000000000e+01 3.000000000000000000e+00 -4.245197773466900804e-03
1.700000000000000000e+01 4.000000000000000000e+00 -1.008735041629795284e-02
1.700000000000000000e+01 5.000000000000000000e+00 -1.895845970087756474e-02
1.700000000000000000e+01 6.000000000000000000e+00 -2.997795215684955286e-02
1.700000000000000000e+01 7.000000000000000000e+00 -4.078615320180192100e-02
1.700000000000000000e+01 8.000000000000000000e+00 -4.825125121839540093e-02
1.700000000000000000e+01 9.000000000000000000e+00 -5.023753962621366892e-02
1.700000000000000000e+01 1.000000000000000000e+01 -4.665167696469987163e-02
1.700000000000000000e+01 1.100000000000000000e+01 -3.890174851351974744e-02
1.700000000000000000e+01 1.200000000000000000e+01 -2.872303749730988759e-02
1.700000000000000000e+01 1.300000000000000000e+01 -1.744175044806418190e-02
1.700000000000000000e+01 1.400000000000000000e+01 -5.824960246725748025e-03
1.700000000000000000e+01 1.500000000000000000e+01 5.824960246725748025e-03
1.700000000000000000e+01 1.600000000000000000e+01 1.744175044806418190e-02
1.700000000000000000e+01 1.700000000000000000e+01 2.872303749730985289e-02
1.700000000000000000e+01 1.800000000000000000e+01 3.890174851351974744e-02
1.700000000000000000e+01 1.900000000000000000e+01 4.665167696469987163e-02
1.700000000000000000e+01 2.000000000000000000e+01 5.023753962621362035e-02
1.700000000000000000e+01 2.100000000000000000e+01 4.825125121839540093e-02
1.700000000000000000e+01 2.200000000000000000e+01 4.078615320180193488e-02
1.700000000000000000e+01 2.300000000000000000e+01 2.997795215684955286e-02
1.700000000000000000e+01 2.400000000000000000e+01 1.895845970087756474e-02
1.700000000000000000e+01 2.500000000000000000e+01 1.008735041629806733e-02
1.700000000000000000e+01 2.600000000000000000e+01 4.245197773466900804e-03
1.700000000000000000e+01 2.700000000000000000e+01 1.181843555735037762e-03
1.700000000000000000e+01 2.800000000000000000e+01 1.077536826637151991e-04
1.700000000000000000e+01 2.900000000000000000e+01 0.000000000000000000e+00
1.800000000000000000e+01 0.000000000000000000e+00 -0.000000000000000000e+00
1.800000000000000000e+01 1.000000000000000000e+00 -6.223263701213604308e-05
1.800000000000000000e+01 2.000000000000000000e+00 -1.201437212589693757e-03
1.800000000000000000e+01 3.000000000000000000e+00 -4.978721680251370178e-03
1.800000000000000000e+01 4.000000000000000000e+00 -1.267056063905691241e-02
1.800000000000000000e+01 5.000000000000000000e+00 -2.487740146400064384e-02
1.800000000000000000e+01 6.000000000000000000e+00 -4.058759784460679032e-02
1.800000000000000000e+01 7.000000000000000000e+00 -5.628977525768453366e-02
1.800000000000000000e+01 8.000000000000000000e+00 -6.702226371255995407e-02
1.800000000000000000e+01 9.000000000000000000e+00 -6.951733056099475283e-02
1.800000000000000000e+01 1.000000000000000000e+01 -6.404300559029507678e-02
1.800000000000000000e+01 1.100000000000000000e+01 -5.299913303134699827e-02
1.800000000000000000e+01 1.200000000000000000e+01 -3.890174851351971275e-02
1.800000000000000000e+01 1.300000000000000000e+01 -2.353168434380773985e-02
1.800000000000000000e+01 1.400000000000000000e+01 -7.844992128302252787e-03
1.800000000000000000e+01 1.500000000000000000e+01 7.844992128302252787e-03
1.800000000000000000e+01 1.600000000000000000e+01 2.353168434380773985e-02
1.800000000000000000e+01 1.700000000000000000e+01 3.890174851351974744e-02
1.800000000000000000e+01 1.800000000000000000e+01 5.299913303134699827e-02
1.800000000000000000e+01 1.900000000000000000e+01 6.404300559029507678e-02
1.800000000000000000e+01 2.000000000000000000e+01 6.951733056099482222e-02
1.800000000000000000e+01 2.100000000000000000e+01 6.702226371255995407e-02
1.800000000000000000e+01 2.200000000000000000e+01 5.628977525768461693e-02
1.800000000000000000e+01 2.300000000000000000e+01 4.058759784460679032e-02
1.800000000000000000e+01 2.400000000000000000e+01 2.487740146400064384e-02
1.800000000000000000e+01 2.500000000000000000e+01 1.267056063905722119e-02
1.800000000000000000e+01 2.600000000000000000e+01 4.978721680251370178e-03
1.800000000000000000e+01 2.700000000000000000e+01 1.201437212589693757e-03
1.800000000000000000e+01 2.800000000000000000e+01 6.223263701188059150e-05
1.800000000000000000e+01 2.900000000000000000e+01 0.000000000000000000e+00
1.900000000000000000e+01 0.000000000000000000e+00 -0.000000000000000000e+00
1.900000000000000000e+01 1.000000000000000000e+00 -1.034874597492029688e-05
1.900000000000000000e+01 2.000000000000000000e+00 -8.867798614234553281e-04
1.900000000000000000e+01 3.000000000000000000e+00 -4.734187666560955680e-03
1.900000000000000000e+01 4.000000000000000000e+00 -1.346453537342380026e-02
1.900000000000000000e+01 5.000000000000000000e+00 -2.829223740735590728e-02
1.900000000000000000e+01 6.000000000000000000e+00 -4.828998242597237756e-02
1.900000000000000000e+01 7.000000000000000000e+00 -6.881756474457546846e-02
1.900000000000000000e+01 8.000000000000000000e+00 -8.283001164174452757e-02
1.900000000000000000e+01 9.000000000000000000e+00 -8.572755761768791061e-02
1.900000000000000000e+01 1.000000000000000000e+01 -7.821250874778064299e-02
1.900000000000000000e+01 1.100000000000000000e+01 -6.404300559029507678e-02
1.900000000000000000e+01 1.200000000000000000e+01 -4.665167696469987857e-02
1.900000000000000000e+01 1.300000000000000000e+01 -2.809202518233171186e-02
1.900000000000000000e+01 1.400000000000000000e+01 -9.350297894380093025e-03
1.900000000000000000e+01 1.500000000000000000e+01 9.350297894380093025e-03
1.900000000000000000e+01 1.600000000000000000e+01 2.809202518233171186e-02
1.900000000000000000e+01 1.700000000000000000e+01 4.665167696469987163e-02
1.900000000000000000e+01 1.800000000000000000e+01 6.404300559029507678e-02
1.900000000000000000e+01 1.900000000000000000e+01 7.821250874778064299e-02
1.900000000000000000e+01 2.000000000000000000e+01 8.572755761768791061e-02
1.900000000000000000e+01 2.100000000000000000e+01 8.283001164174452757e-02
1.900000000000000000e+01 2.200000000000000000e+01 6.881756474457542683e-02
1.900000000000000000e+01 2.300000000000000000e+01 4.828998242597237756e-02
1.900000000000000000e+01 2.400000000000000000e+01 2.829223740735590728e-02
1.900000000000000000e+01 2.500000000000000000e+01 1.346453537342387659e-02
1.900000000000000000e+01 2.600000000000000000e+01 4.734187666560955680e-03
1.900000000000000000e+01 2.700000000000000000e+01 8.867798614234553281e-04
1.900000000000000000e+01 2.800000000000000000e+01 1.034874597510127055e-05
1.900000000000000000e+01 2.900000000000000000e+01 0.000000000000000000e+00
2.000000000000000000e+01 0.000000000000000000e+00 -0.000000000000000000e+00
2.000000000000000000e+01 1.000000000000000000e+00 -0.000000000000000000e+00
2.000000000000000000e+01 2.000000000000000000e+00 -4.035910566402518612e-04
2.000000000000000000e+01 3.000000000000000000e+00 -3.515517341767479455e-03
2.000000000000000000e+01 4.000000000000000000e+00 -1.196531937425058742e-02
2.000000000000000000e+01 5.000000000000000000e+00 -2.772489111844165036e-02
2.000000000000000000e+01 6.000000000000000000e+00 -5.031998936258907235e-02
2.000000000000000000e+01 7.000000000000000000e+00 -7.444074918632026527e-02
2.000000000000000000e+01 8.000000000000000000e+00 -9.116700006600572670e-02
2.000000000000000000e+01 9.000000000000000000e+00 -9.456758083316176011e-02
2.000000000000000000e+01 1.000000000000000000e+01 -8.572755761768789673e-02
2.000000000000000000e+01 1.100000000000000000e+01 -6.951733056099482222e-02
2.000000000000000000e+01 1.200000000000000000e+01 -5.023753962621365504e-02
2.000000000000000000e+01 1.300000000000000000e+01 -3.013042505571286375e-02
2.000000000000000000e+01 1.400000000000000000e+01 -1.002151336572856127e-02
2.000000000000000000e+01 1.500000000000000000e+01 1.002151336572856127e-02
2.000000000000000000e+01 1.600000000000000000e+01 3.013042505571286375e-02
2.000000000000000000e+01 1.700000000000000000e+01 5.023753962621362729e-02
2.000000000000000000e+01 1.800000000000000000e+01 6.951733056099482222e-02
2.000000000000000000e+01 1.900000000000000000e+01 8.572755761768789673e-02
2.000000000000000000e+01 2.000000000000000000e+01 9.456758083316188501e-02
2.000000000000000000e+01 2.100000000000000000e+01 9.116700006600572670e-02
2.000000000000000000e+01 2.200000000000000000e+01 7.444074918632054283e-02
2.000000000000000000e+01 2.300000000000000000e+01 5.031998936258907235e-02
2.000000000000000000e+01 2.400000000000000000e+01 2.772489111844165036e-02
2.000000000000000000e+01 2.500000000000000000e+01 1.196531937425011557e-02
2.000000000000000000e+01 2.600000000000000000e+01 3.515517341767479455e-03
2.000000000000000000e+01 2.700000000000000000e+01 4.035910566402518612e-04
2.000000000000000000e+01 2.800000000000000000e+01 0.000000000000000000e+00
2.000000000000000000e+01 2.900000000000000000e+01 0.000000000000000000e+00
2.100000000000000000e+01 0.000000000000000000e+00 -0.000000000000000000e+00
2.100000000000000000e+01 1.000000000000000000e+00 -0.000000000000000000e+00
2.100000000000000000e+01 2.000000000000000000e+00 -5.965399957351919067e-05
2.100000000000000000e+01 3.000000000000000000e+00 -1.809788275713104366e-03
2.100000000000000000e+01 4.000000000000000000e+00 -8.395303984867420050e-03
2.100000000000000000e+01 5.000000000000000000e+00 -2.247228860495563071e-02
2.100000000000000000e+01 6.000000000000000000e+00 -4.434293354648763397e-02
2.100000000000000000e+01 7.000000000000000000e+00 -6.900785291383328135e-02
2.100000000000000000e+01 8.000000000000000000e+00 -8.687996989972118778e-02
2.100000000000000000e+01 9.000000000000000000e+00 -9.116700006600535200e-02
2.100000000000000000e+01 1.000000000000000000e+01 -8.283001164174452757e-02
2.100000000000000000e+01 1.100000000000000000e+01 -6.702226371255994020e-02
2.100000000000000000e+01 1.200000000000000000e+01 -4.825125121839538705e-02
2.100000000000000000e+01 1.300000000000000000e+01 -2.889891363311648462e-02
2.100000000000000000e+01 1.400000000000000000e+01 -9.618579526054648124e-03
2.100000000000000000e+01 1.500000000000000000e+01 9.618579526054648124e-03
2.100000000000000000e+01 1.600000000000000000e+01 2.889891363311648462e-02
2.100000000000000000e+01 1.700000000000000000e+01 4.825125121839540787e-02
2.100000000000000000e+01 1.800000000000000000e+01 6.702226371255994020e-02
2.100000000000000000e+01 1.900000000000000000e+01 8.283001164174452757e-02
2.100000000000000000e+01 2.000000000000000000e+01 9.116700006600572670e-02
2.100000000000000000e+01 2.100000000000000000e+01 8.687996989972118778e-02
2.100000000000000000e+01 2.200000000000000000e+01 6.900785291383321196e-02
2.100000000000000000e+01 2.300000000000000000e+01 4.434293354648763397e-02
2.100000000000000000e+01 2.400000000000000000e+01 2.247228860495563071e-02
2.100000000000000000e+01 2.500000000000000000e+01 8.395303984867723626e-03
2.100000000000000000e+01 2.600000000000000000e+01 1.809788275713104366e-03
2.100000000000000000e+01 2.700000000000000000e+01 5.965399957351919067e-05
2.100000000000000000e+01 2.800000000000000000e+01 0.000000000000000000e+00
2.100000000000000000e+01 2.900000000000000000e+01 0.000000000000000000e+00
2.200000000000000000e+01 0.000000000000000000e+00 -0.000000000000000000e+00
2.200000000000000000e+01 1.000000000000000000e+00 -0.000000000000000000e+00
2.200000000000000000e+01 2.000000000000000000e+00 -0.000000000000000000e+00
2.200000000000000000e+01 3.000000000000000000e+00 -4.637278718665717100e-04
2.200000000000000000e+01 4.000000000000000000e+00 -4.153350945191463389e-03
2.200000000000000000e+01 5.000000000000000000e+00 -1.409578766854758733e-02
2.200000000000000000e+01 6.000000000000000000e+00 -3.139156863581451379e-02
2.200000000000000000e+01 7.000000000000000000e+00 -5.245093727831204311e-02
2.200000000000000000e+01 8.000000000000000000e+00 -6.900785291383321196e-02
2.200000000000000000e+01 9.000000000000000000e+00 -7.444074918632004323e-02
2.200000000000000000e+01 1.000000000000000000e+01 -6.881756474457542683e-02
2.200000000000000000e+01 1.100000000000000000e+01 -5.628977525768460999e-02
2.200000000000000000e+01 1.200000000000000000e+01 -4.078615320180194181e-02
2.200000000000000000e+01 1.300000000000000000e+01 -2.452435991577181507e-02
2.200000000000000000e+01 1.400000000000000000e+01 -8.180559526626647246e-03
2.200000000000000000e+01 1.500000000000000000e+01 8.180559526626647246e-03
2.200000000000000000e+01 1.600000000000000000e+01 2.452435991577181507e-02
2.200000000000000000e+01 1.700000000000000000e+01 4.078615320180193488e-02
2.200000000000000000e+01 1.800000000000000000e+01 5.628977525768460999e-02
2.200000000000000000e+01 1.900000000000000000e+01 6.881756474457542683e-02
2.200000000000000000e+01 2.000000000000000000e+01 7.444074918632054283e-02
2.200000000000000000e+01 2.100000000000000000e+01 6.900785291383321196e-02
2.200000000000000000e+01 2.200000000000000000e+01 5.245093727831215413e-02
2.200000000000000000e+01 2.300000000000000000e+01 3.139156863581451379e-02
2.200000000000000000e+01 2.400000000000000000e+01 1.409578766854758733e-02
2.200000000000000000e+01 2.500000000000000000e+01 4.153350945190903941e-03
2.200000000000000000e+01 2.600000000000000000e+01 4.637278718665717100e-04
2.200000000000000000e+01 2.700000000000000000e+01 0.000000000000000000e+00
2.200000000000000000e+01 2.800000000000000000e+01 0.000000000000000000e+00
2.200000000000000000e+01 2.900000000000000000e+01 0.000000000000000000e+00
2.300000000000000000e+01 0.000000000000000000e+00 -0.000000000000000000e+00
2.300000000000000000e+01 1.000000000000000000e+00 -0.000000000000000000e+00
2.300000000000000000e+01 2.000000000000000000e+00 -0.000000000000000000e+00
2.300000000000000000e+01 3.000000000000000000e+00 -9.064378053569179769e-06
2.300000000000000000e+01 4.000000000000000000e+00 -1.111631509817244921e-03
2.300000000000000000e+01 5.000000000000000000e+00 -6.153928171241902952e-03
2.300000000000000000e+01 6.000000000000000000e+00 -1.681475801566155448e-02
2.300000000000000000e+01 7.000000000000000000e+00 -3.139156863581365337e-02
2.300000000000000000e+01 8.000000000000000000e+00 -4.434293354648763397e-02
2.300000000000000000e+01 9.000000000000000000e+00 -5.031998936258902377e-02
2.300000000000000000e+01 1.000000000000000000e+01 -4.828998242597237062e-02
2.300000000000000000e+01 1.100000000000000000e+01 -4.058759784460679032e-02
2.300000000000000000e+01 1.200000000000000000e+01 -2.997795215684952858e-02
2.300000000000000000e+01 1.300000000000000000e+01 -1.822311274030337727e-02
2.300000000000000000e+01 1.400000000000000000e+01 -6.103309903376266492e-03
2.300000000000000000e+01 1.500000000000000000e+01 6.103309903376266492e-03
2.300000000000000000e+01 1.600000000000000000e+01 1.822311274030337727e-02
2.300000000000000000e+01 1.700000000000000000e+01 2.997795215684955286e-02
2.300000000000000000e+01 1.800000000000000000e+01 4.058759784460679032e-02
2.300000000000000000e+01 1.900000000000000000e+01 4.828998242597237062e-02
2.300000000000000000e+01 2.000000000000000000e+01 5.031998936258907235e-02
2.300000000000000000e+01 2.100000000000000000e+01 4.434293354648763397e-02
2.300000000000000000e+01 2.200000000000000000e+01 3.139156863581451379e-02
2.300000000000000000e+01 2.300000000000000000e+01 1.681475801566155448e-02
2.300000000000000000e+01 2.400000000000000000e+01 6.153928171241902952e-03
2.300000000000000000e+01 2.500000000000000000e+01 1.111631509816431119e-03
2.300000000000000000e+01 2.600000000000000000e+01 9.064378053569179769e-06
2.300000000000000000e+01 2.700000000000000000e+01 0.000000000000000000e+00
2.300000000000000000e+01 2.800000000000000000e+01 0.000000000000000000e+00
2.300000000000000000e+01 2.900000000000000000e+01 0.000000000000000000e+00
2.400000000000000000e+01 0.000000000000000000e+00 -0.000000000000000000e+00
2.400000000000000000e+01 1.000000000000000000e+00 -0.000000000000000000e+00
2.400000000000000000e+01 2.000000000000000000e+00 -0.000000000000000000e+00
2.400000000000000000e+01 3.000000000000000000e+00 -0.000000000000000000e+00
2.400000000000000000e+01 4.000000000000000000e+00 -4.749350350052424711e-05
2.400000000000000000e+01 5.000000000000000000e+00 -1.442960898661109579e-03
2.400000000000000000e+01 6.000000000000000000e+00 -6.153928171241902952e-03
2.400000000000000000e+01 7.000000000000000000e+00 -1.409578766854702181e-02
2.400000000000000000e+01 8.000000000000000000e+00 -2.247228860495563071e-02
2.400000000000000000e+01 9.000000000000000000e+00 -2.772489111844169546e-02
2.400000000000000000e+01 1.000000000000000000e+01 -2.829223740735590728e-02
2.400000000000000000e+01 1.100000000000000000e+01 -2.487740146400064384e-02
2.400000000000000000e+01 1.200000000000000000e+01 -1.895845970087757862e-02
2.400000000000000000e+01 1.300000000000000000e+01 -1.172767360740439510e-02
2.400000000000000000e+01 1.400000000000000000e+01 -3.954329553480433711e-03
2.400000000000000000e+01 1.500000000000000000e+01 3.954329553480433711e-03
2.400000000000000000e+01 1.600000000000000000e+01 1.172767360740439510e-02
2.400000000000000000e+01 1.700000000000000000e+01 1.895845970087756474e-02
2.400000000000000000e+01 1.800000000000000000e+01 2.487740146400064384e-02
2.400000000000000000e+01 1.900000000000000000e+01 2.829223740735590728e-02
2.400000000000000000e+01 2.000000000000000000e+01 2.772489111844165036e-02
2.400000000000000000e+01 2.100000000000000000e+01 2.247228860495563071e-02
2.400000000000000000e+01 2.200000000000000000e+01 1.409578766854758906e-02
2.400000000000000000e+01 2.300000000000000000e+01 6.153928171241902952e-03
2.400000000000000000e+01 2.400000000000000000e+01 1.442960898661109579e-03
2.400000000000000000e+01 2.500000000000000000e+01 4.749350350052428100e-05
2.400000000000000000e+01 2.600000000000000000e+01 0.000000000000000000e+00
2.400000000000000000e+01 2.700000000000000000e+01 0.000000000000000000e+00
2.400000000000000000e+01 2.800000000000000000e+01 0.000000000000000000e+00
2.400000000000000000e+01 2.900000000000000000e+01 0.000000000000000000e+00
2.500000000000000000e+01 0.000000000000000000e+00 -0.000000000000000000e+00
2.500000000000000000e+01 1.000000000000000000e+00 -0.000000000000000000e+00
2.500000000000000000e+01 2.000000000000000000e+00 -0.000000000000000000e+00
2.500000000000000000e+01 3.000000000000000000e+00 -0.000000000000000000e+00
2.500000000000000000e+01 4.000000000000000000e+00 -0.000000000000000000e+00
2.500000000000000000e+01 5.000000000000000000e+00 -4.749350350052428100e-05
2.500000000000000000e+01 6.000000000000000000e+00 -1.111631509816431119e-03
2.500000000000000000e+01 7.000000000000000000e+00 -4.153350945190902206e-03
2.500000000000000000e+01 8.000000000000000000e+00 -8.395303984867723626e-03
2.500000000000000000e+01 9.000000000000000000e+00 -1.196531937425045905e-02
2.500000000000000000e+01 1.000000000000000000e+01 -1.346453537342387832e-02
2.500000000000000000e+01 1.100000000000000000e+01 -1.267056063905722119e-02
2.500000000000000000e+01 1.200000000000000000e+01 -1.008735041629808815e-02
2.500000000000000000e+01 1.300000000000000000e+01 -6.399293380024650112e-03
2.500000000000000000e+01 1.400000000000000000e+01 -2.180977389786912125e-03
2.500000000000000000e+01 1.500000000000000000e+01 2.180977389786912125e-03
2.500000000000000000e+01 1.600000000000000000e+01 6.399293380024650112e-03
2.500000000000000000e+01 1.700000000000000000e+01 1.008735041629806733e-02
2.500000000000000000e+01 1.800000000000000000e+01 1.267056063905722119e-02
2.500000000000000000e+01 1.900000000000000000e+01 1.346453537342387832e-02
2.500000000000000000e+01 2.000000000000000000e+01 1.196531937425011557e-02
2.500000000000000000e+01 2.100000000000000000e+01 8.395303984867723626e-03
2.500000000000000000e+01 2.200000000000000000e+01 4.153350945190903941e-03
2.500000000000000000e+01 2.300000000000000000e+01 1.111631509816431119e-03
2.500000000000000000e+01 2.400000000000000000e+01 4.749350350052428100e-05
2.500000000000000000e+01 2.500000000000000000e+01 0.000000000000000000e+00
2.500000000000000000e+01 2.600000000000000000e+01 0.000000000000000000e+00
2.500000000000000000e+01 2.700000000000000000e+01 0.000000000000000000e+00
2.500000000000000000e+01 2.800000000000000000e+01 0.000000000000000000e+00
2.500000000000000000e+01 2.900000000000000000e+01 0.000000000000000000e+00
2.600000000000000000e+01 0.000000000000000000e+00 -0.000000000000000000e+00
2.600000000000000000e+01 1.000000000000000000e+00 -0.000000000000000000e+00
2.600000000000000000e+01 2.000000000000000000e+00 -0.000000000000000000e+00
2.600000000000000000e+01 3.000000000000000000e+00 -0.000000000000000000e+00
2.600000000000000000e+01 4.000000000000000000e+00 -0.000000000000000000e+00
2.600000000000000000e+01 5.000000000000000000e+00 -0.000000000000000000e+00
2.600000000000000000e+01 6.000000000000000000e+00 -9.064378053569179769e-06
2.600000000000000000e+01 7.000000000000000000e+00 -4.637278718655017651e-04
2.600000000000000000e+01 8.000000000000000000e+00 -1.809788275713104582e-03
2.600000000000000000e+01 9.000000000000000000e+00 -3.515517341767483359e-03
2.600000000000000000e+01 1.000000000000000000e+01 -4.734187666560955680e-03
2.600000000000000000e+01 1.100000000000000000e+01 -4.978721680251370178e-03
2.600000000000000000e+01 1.200000000000000000e+01 -4.245197773466904273e-03
2.600000000000000000e+01 1.300000000000000000e+01 -2.801581063938067984e-03
2.600000000000000000e+01 1.400000000000000000e+01 -9.718138170872191476e-04
2.600000000000000000e+01 1.500000000000000000e+01 9.718138170872191476e-04
2.600000000000000000e+01 1.600000000000000000e+01 2.801581063938067984e-03
2.600000000000000000e+01 1.700000000000000000e+01 4.245197773466900804e-03
2.600000000000000000e+01 1.800000000000000000e+01 4.978721680251370178e-03
2.600000000000000000e+01 1.900000000000000000e+01 4.734187666560955680e-03
2.600000000000000000e+01 2.000000000000000000e+01 3.515517341767479022e-03
2.600000000000000000e+01 2.100000000000000000e+01 1.809788275713104582e-03
2.600000000000000000e+01 2.200000000000000000e+01 4.637278718665717100e-04
2.600000000000000000e+01 2.300000000000000000e+01 9.064378053569179769e-06
2.600000000000000000e+01 2.400000000000000000e+01 0.000000000000000000e+00
2.600000000000000000e+01 2.500000000000000000e+01 0.000000000000000000e+00
2.600000000000000000e+01 2.600000000000000000e+01 0.000000000000000000e+00
2.600000000000000000e+01 2.700000000000000000e+01 0.000000000000000000e+00
2.600000000000000000e+01 2.800000000000000000e+01 0.000000000000000000e+00
2.600000000000000000e+01 2.900000000000000000e+01 0.000000000000000000e+00
2.700000000000000000e+01 0.000000000000000000e+00 -0.000000000000000000e+00
2.700000000000000000e+01 1.000000000000000000e+00 -0.000000000000000000e+00
2.700000000000000000e+01 2.000000000000000000e+00 -0.000000000000000000e+00
2.700000000000000000e+01 3.000000000000000000e+00 -0.000000000000000000e+00
2.700000000000000000e+01 4.000000000000000000e+00 -0.000000000000000000e+00
2.700000000000000000e+01 5.000000000000000000e+00 -0.000000000000000000e+00
2.700000000000000000e+01 6.000000000000000000e+00 -0.000000000000000000e+00
2.700000000000000000e+01 7.000000000000000000e+00 -0.000000000000000000e+00
2.700000000000000000e+01 8.000000000000000000e+00 -5.965399957351919067e-05
2.700000000000000000e+01 9.000000000000000000e+00 -4.035910566402516443e-04
2.700000000000000000e+01 1.000000000000000000e+01 -8.867798614234552197e-04
2.700000000000000000e+01 1.100000000000000000e+01 -1.201437212589693757e-03
2.700000000000000000e+01 1.200000000000000000e+01 -1.181843555735037328e-03
2.700000000000000000e+01 1.300000000000000000e+01 -8.437815842447204647e-04
2.700000000000000000e+01 1.400000000000000000e+01 -3.030636738485278751e-04
2.700000000000000000e+01 1.500000000000000000e+01 3.030636738485278751e-04
2.700000000000000000e+01 1.600000000000000000e+01 8.437815842447204647e-04
2.700000000000000000e+01 1.700000000000000000e+01 1.181843555735037979e-03
2.700000000000000000e+01 1.800000000000000000e+01 1.201437212589693757e-03
2.700000000000000000e+01 1.900000000000000000e+01 8.867798614234552197e-04
2.700000000000000000e+01 2.000000000000000000e+01 4.035910566402518612e-04
2.700000000000000000e+01 2.100000000000000000e+01 5.965399957351919067e-05
2.700000000000000000e+01 2.200000000000000000e+01 0.000000000000000000e+00
2.700000000000000000e+01 2.300000000000000000e+01 0.000000000000000000e+00
2.700000000000000000e+01 2.400000000000000000e+01 0.000000000000000000e+00
2.700000000000000000e+01 2.500000000000000000e+01 0.000000000000000000e+00
2.700000000000000000e+01 2.600000000000000000e+01 0.000000000000000000e+00
2.700000000000000000e+01 2.700000000000000000e+01 0.000000000000000000e+00
2.700000000000000000e+01 2.800000000000000000e+01 0.000000000000000000e+00
2.700000000000000000e+01 2.900000000000000000e+01 0.000000000000000000e+00
2.800000000000000000e+01 0.000000000000000000e+00 -0.000000000000000000e+00
2.800000000000000000e+01 1.000000000000000000e+00 -0.000000000000000000e+00
2.800000000000000000e+01 2.000000000000000000e+00 -0.000000000000000000e+00
2.800000000000000000e+01 3.000000000000000000e+00 -0.000000000000000000e+00
2.800000000000000000e+01 4.000000000000000000e+00 -0.000000000000000000e+00
2.800000000000000000e+01 5.000000000000000000e+00 -0.000000000000000000e+00
2.800000000000000000e+01 6.000000000000000000e+00 -0.000000000000000000e+00
2.800000000000000000e+01 7.000000000000000000e+00 -0.000000000000000000e+00
2.800000000000000000e+01 8.000000000000000000e+00 -0.000000000000000000e+00
2.800000000000000000e+01 9.000000000000000000e+00 -0.000000000000000000e+00
2.800000000000000000e+01 1.000000000000000000e+01 -1.034874597510127055e-05
2.800000000000000000e+01 1.100000000000000000e+01 -6.223263701188059150e-05
2.800000000000000000e+01 1.200000000000000000e+01 -1.077536826637151991e-04
2.800000000000000000e+01 1.300000000000000000e+01 -1.001427692903206050e-04
2.800000000000000000e+01 1.400000000000000000e+01 -4.009921127351211639e-05
2.800000000000000000e+01 1.500000000000000000e+01 4.009921127351211639e-05
2.800000000000000000e+01 1.600000000000000000e+01 1.001427692903206050e-04
2.800000000000000000e+01 1.700000000000000000e+01 1.077536826637152126e-04
2.800000000000000000e+01 1.800000000000000000e+01 6.223263701188059150e-05
2.800000000000000000e+01 1.900000000000000000e+01 1.034874597510127055e-05
2.800000000000000000e+01 2.000000000000000000e+01 0.000000000000000000e+00
2.800000000000000000e+01 2.100000000000000000e+01 0.000000000000000000e+00
2.800000000000000000e+01 2.200000000000000000e+01 0.000000000000000000e+00
2.800000000000000000e+01 2.300000000000000000e+01 0.000000000000000000e+00
2.800000000000000000e+01 2.400000000000000000e+01 0.000000000000000000e+00
2.800000000000000000e+01 2.500000000000000000e+01 0.000000000000000000e+00
2.800000000000000000e+01 2.600000000000000000e+01 0.000000000000000000e+00
2.800000000000000000e+01 2.700000000000000000e+01 0.000000000000000000e+00
2.800000000000000000e+01 2.800000000000000000e+01 0.000000000000000000e+00
2.800000000000000000e+01 2.900000000000000000e+01 0.000000000000000000e+00
2.900000000000000000e+01 0.000000000000000000e+00 -0.000000000000000000e+00
2.900000000000000000e+01 1.000000000000000000e+00 -0.000000000000000000e+00
2.900000000000000000e+01 2.000000000000000000e+00 -0.000000000000000000e+00
2.900000000000000000e+01 3.000000000000000000e+00 -0.000000000000000000e+00
2.900000000000000000e+01 4.000000000000000000e+00 -0.000000000000000000e+00
2.900000000000000000e+01 5.000000000000000000e+00 -0.000000000000000000e+00
2.900000000000000000e+01 6.000000000000000000e+00 -0.000000000000000000e+00
2.900000000000000000e+01 7.000000000000000000e+00 -0.000000000000000000e+00
2.900000000000000000e+01 8.000000000000000000e+00 -0.000000000000000000e+00
2.900000000000000000e+01 9.000000000000000000e+00 -0.000000000000000000e+00
2.900000000000000000e+01 1.000000000000000000e+01 -0.000000000000000000e+00
2.900000000000000000e+01 1.100000000000000000e+01 -0.000000000000000000e+00
2.900000000000000000e+01 1.200000000000000000e+01 -0.000000000000000000e+00
2.900000000000000000e+01 1.300000000000000000e+01 -0.000000000000000000e+00
2.900000000000000000e+01 1.400000000000000000e+01 -0.000000000000000000e+00
2.900000000000000000e+01 1.500000000000000000e+01 0.000000000000000000e+00
2.900000000000000000e+01 1.600000000000000000e+01 0.000000000000000000e+00
2.900000000000000000e+01 1.700000000000000000e+01 0.000000000000000000e+00
2.900000000000000000e+01 1.800000000000000000e+01 0.000000000000000000e+00
2.900000000000000000e+01 1.900000000000000000e+01 0.000000000000000000e+00
2.900000000000000000e+01 2.000000000000000000e+01 0.000000000000000000e+00
2.900000000000000000e+01 2.100000000000000000e+01 0.000000000000000000e+00
2.900000000000000000e+01 2.200000000000000000e+01 0.000000000000000000e+00
2.900000000000000000e+01 2.300000000000000000e+01 0.000000000000000000e+00
2.900000000000000000e+01 2.400000000000000000e+01 0.000000000000000000e+00
2.900000000000000000e+01 2.500000000000000000e+01 0.000000000000000000e+00
2.900000000000000000e+01 2.600000000000000000e+01 0.000000000000000000e+00
2.900000000000000000e+01 2.700000000000000000e+01 0.000000000000000000e+00
2.900000000000000000e+01 2.800000000000000000e+01 0.000000000000000000e+00
2.900000000000000000e+01 2.900000000000000000e+01 0.000000000000000000e+00
