0.000000000000000000e+00 0.000000000000000000e+00 0.000000000000000000e+00
0.000000000000000000e+00 1.000000000000000000e+00 0.000000000000000000e+00
0.000000000000000000e+00 2.000000000000000000e+00 0.000000000000000000e+00
0.000000000000000000e+00 3.000000000000000000e+00 0.000000000000000000e+00
0.000000000000000000e+00 4.000000000000000000e+00 0.000000000000000000e+00
0.000000000000000000e+00 5.000000000000000000e+00 0.000000000000000000e+00
0.000000000000000000e+00 6.000000000000000000e+00 0.000000000000000000e+00
0.000000000000000000e+00 7.000000000000000000e+00 0.000000000000000000e+00
0.000000000000000000e+00 8.000000000000000000e+00 0.000000000000000000e+00
0.000000000000000000e+00 9.000000000000000000e+00 0.000000000000000000e+00
0.000000000000000000e+00 1.000000000000000000e+01 0.000000000000000000e+00
0.000000000000000000e+00 1.100000000000000000e+01 0.000000000000000000e+00
0.000000000000000000e+00 1.200000000000000000e+01 0.000000000000000000e+00
0.000000000000000000e+00 1.300000000000000000e+01 0.000000000000000000e+00
0.000000000000000000e+00 1.400000000000000000e+01 0.000000000000000000e+00
0.000000000000000000e+00 1.500000000000000000e+01 0.000000000000000000e+00
0.000000000000000000e+00 1.600000000000000000e+01 0.000000000000000000e+00
0.000000000000000000e+00 1.700000000000000000e+01 0.000000000000000000e+00
0.000000000000000000e+00 1.800000000000000000e+01 0.000000000000000000e+00
0.000000000000000000e+00 1.900000000000000000e+01 0.000000000000000000e+00
0.000000000000000000e+00 2.000000000000000000e+01 0.000000000000000000e+00
0.000000000000000000e+00 2.100000000000000000e+01 0.000000000000000000e+00
0.000000000000000000e+00 2.200000000000000000e+01 0.000000000000000000e+00
0.000000000000000000e+00 2.300000000000000000e+01 0.000000000000000000e+00
0.000000000000000000e+00 2.400000000000000000e+01 0.000000000000000000e+00
0.000000000000000000e+00 2.500000000000000000e+01 0.000000000000000000e+00
0.000000000000000000e+00 2.600000000000000000e+01 0.000000000000000000e+00
0.000000000000000000e+00 2.700000000000000000e+01 0.000000000000000000e+00
0.000000000000000000e+00 2.800000000000000000e+01 0.000000000000000000e+00
0.000000000000000000e+00 2.900000000000000000e+01 0.000000000000000000e+00
1.000000000000000000e+00 0.000000000000000000e+00 0.000000000000000000e+00
1.000000000000000000e+00 1.000000000000000000e+00 0.000000000000000000e+00
1.000000000000000000e+00 2.000000000000000000e+00 0.000000000000000000e+00
1.000000000000000000e+00 3.000000000000000000e+00 0.000000000000000000e+00
1.000000000000000000e+00 4.000000000000000000e+00 0.000000000000000000e+00
1.000000000000000000e+00 5.000000000000000000e+00 0.000000000000000000e+00
1.000000000000000000e+00 6.000000000000000000e+00 0.000000000000000000e+00
1.000000000000000000e+00 7.000000000000000000e+00 0.000000000000000000e+00
1.000000000000000000e+00 8.000000000000000000e+00 0.000000000000000000e+00
1.000000000000000000e+00 9.000000000000000000e+00 0.000000000000000000e+00
1.000000000000000000e+00 1.000000000000000000e+01 3.581603030826325450e-05
1.000000000000000000e+00 1.100000000000000000e+01 2.769187710434201587e-04
1.000000000000000000e+00 1.200000000000000000e+01 6.712655342246227549e-04
1.000000000000000000e+00 1.300000000000000000e+01 1.039753937940242432e-03
1.000000000000000000e+00 1.400000000000000000e+01 1.249016173371245673e-03
1.000000000000000000e+00 1.500000000000000000e+01 1.249016173371245673e-03
1.000000000000000000e+00 1.600000000000000000e+01 1.039753937940242432e-03
1.000000000000000000e+00 1.700000000000000000e+01 6.712655342246231886e-04
1.000000000000000000e+00 1.800000000000000000e+01 2.769187710434201587e-04
1.000000000000000000e+00 1.900000000000000000e+01 3.581603030826325450e-05
1.000000000000000000e+00 2.000000000000000000e+01 0.000000000000000000e+00
1.000000000000000000e+00 2.100000000000000000e+01 0.000000000000000000e+00
1.000000000000000000e+00 2.200000000000000000e+01 0.000000000000000000e+00
1.000000000000000000e+00 2.300000000000000000e+01 0.000000000000000000e+00
1.000000000000000000e+00 2.400000000000000000e+01 0.000000000000000000e+00
1.000000000000000000e+00 2.500000000000000000e+01 0.000000000000000000e+00
1.000000000000000000e+00 2.600000000000000000e+01 0.000000000000000000e+00
1.000000000000000000e+00 2.700000000000000000e+01 0.000000000000000000e+00
1.000000000000000000e+00 2.800000000000000000e+01 0.000000000000000000e+00
1.000000000000000000e+00 2.900000000000000000e+01 0.000000000000000000e+00
2.000000000000000000e+00 0.000000000000000000e+00 0.000000000000000000e+00
2.000000000000000000e+00 1.000000000000000000e+00 0.000000000000000000e+00
2.000000000000000000e+00 2.000000000000000000e+00 0.000000000000000000e+00
2.000000000000000000e+00 3.000000000000000000e+00 0.000000000000000000e+00
2.000000000000000000e+00 4.000000000000000000e+00 0.000000000000000000e+00
2.000000000000000000e+00 5.000000000000000000e+00 0.000000000000000000e+00
2.000000000000000000e+00 6.000000000000000000e+00 0.000000000000000000e+00
2.000000000000000000e+00 7.000000000000000000e+00 0.000000000000000000e+00
2.000000000000000000e+00 8.000000000000000000e+00 1.543661958194758068e-04
2.000000000000000000e+00 9.000000000000000000e+00 1.234254831398005946e-03
2.000000000000000000e+00 1.000000000000000000e+01 3.314586059809449068e-03
2.000000000000000000e+00 1.100000000000000000e+01 5.773763975931042042e-03
2.000000000000000000e+00 1.200000000000000000e+01 7.951443442985331456e-03
2.000000000000000000e+00 1.300000000000000000e+01 9.461604164664133218e-03
2.000000000000000000e+00 1.400000000000000000e+01 1.019506198826445817e-02
2.000000000000000000e+00 1.500000000000000000e+01 1.019506198826445817e-02
2.000000000000000000e+00 1.600000000000000000e+01 9.461604164664133218e-03
2.000000000000000000e+00 1.700000000000000000e+01 7.951443442985340129e-03
2.000000000000000000e+00 1.800000000000000000e+01 5.773763975931042042e-03
2.000000000000000000e+00 1.900000000000000000e+01 3.314586059809449068e-03
2.000000000000000000e+00 2.000000000000000000e+01 1.234254831398006380e-03
2.000000000000000000e+00 2.100000000000000000e+01 1.543661958194758068e-04
2.000000000000000000e+00 2.200000000000000000e+01 0.000000000000000000e+00
2.000000000000000000e+00 2.300000000000000000e+01 0.000000000000000000e+00
2.000000000000000000e+00 2.400000000000000000e+01 0.000000000000000000e+00
2.000000000000000000e+00 2.500000000000000000e+01 0.000000000000000000e+00
2.000000000000000000e+00 2.600000000000000000e+01 0.000000000000000000e+00
2.000000000000000000e+00 2.700000000000000000e+01 0.000000000000000000e+00
2.000000000000000000e+00 2.800000000000000000e+01 0.000000000000000000e+00
2.000000000000000000e+00 2.900000000000000000e+01 0.000000000000000000e+00
3.000000000000000000e+00 0.000000000000000000e+00 0.000000000000000000e+00
3.000000000000000000e+00 1.000000000000000000e+00 0.000000000000000000e+00
3.000000000000000000e+00 2.000000000000000000e+00 0.000000000000000000e+00
3.000000000000000000e+00 3.000000000000000000e+00 0.000000000000000000e+00
3.000000000000000000e+00 4.000000000000000000e+00 0.000000000000000000e+00
3.000000000000000000e+00 5.000000000000000000e+00 0.000000000000000000e+00
3.000000000000000000e+00 6.000000000000000000e+00 1.949652670857206945e-05
3.000000000000000000e+00 7.000000000000000000e+00 1.130420696344599856e-03
3.000000000000000000e+00 8.000000000000000000e+00 5.090407825667962738e-03
3.000000000000000000e+00 9.000000000000000000e+00 1.168596871314803685e-02
3.000000000000000000e+00 1.000000000000000000e+01 1.923406679989258031e-02
3.000000000000000000e+00 1.100000000000000000e+01 2.600686293845590885e-02
3.000000000000000000e+00 1.200000000000000000e+01 3.104531589117970336e-02
3.000000000000000000e+00 1.300000000000000000e+01 3.414680688075239640e-02
3.000000000000000000e+00 1.400000000000000000e+01 3.553458348566737590e-02
3.000000000000000000e+00 1.500000000000000000e+01 3.553458348566737590e-02
3.000000000000000000e+00 1.600000000000000000e+01 3.414680688075239640e-02
3.000000000000000000e+00 1.700000000000000000e+01 3.104531589117970336e-02
3.000000000000000000e+00 1.800000000000000000e+01 2.600686293845590885e-02
3.000000000000000000e+00 1.900000000000000000e+01 1.923406679989258031e-02
3.000000000000000000e+00 2.000000000000000000e+01 1.168596871314802124e-02
3.000000000000000000e+00 2.100000000000000000e+01 5.090407825667962738e-03
3.000000000000000000e+00 2.200000000000000000e+01 1.130420696347208230e-03
3.000000000000000000e+00 2.300000000000000000e+01 1.949652670857206945e-05
3.000000000000000000e+00 2.400000000000000000e+01 0.000000000000000000e+00
3.000000000000000000e+00 2.500000000000000000e+01 0.000000000000000000e+00
3.000000000000000000e+00 2.600000000000000000e+01 0.000000000000000000e+00
3.000000000000000000e+00 2.700000000000000000e+01 0.000000000000000000e+00
3.000000000000000000e+00 2.800000000000000000e+01 0.000000000000000000e+00
3.000000000000000000e+00 2.900000000000000000e+01 0.000000000000000000e+00
4.000000000000000000e+00 0.000000000000000000e+00 0.000000000000000000e+00
4.000000000000000000e+00 1.000000000000000000e+00 0.000000000000000000e+00
4.000000000000000000e+00 2.000000000000000000e+00 0.000000000000000000e+00
4.000000000000000000e+00 3.000000000000000000e+00 0.000000000000000000e+00
4.000000000000000000e+00 4.000000000000000000e+00 0.000000000000000000e+00
4.000000000000000000e+00 5.000000000000000000e+00 1.001053544960924652e-04
4.000000000000000000e+00 6.000000000000000000e+00 2.618717366264153561e-03
4.000000000000000000e+00 7.000000000000000000e+00 1.108878776160641087e-02
4.000000000000000000e+00 8.000000000000000000e+00 2.586245659807142813e-02
4.000000000000000000e+00 9.000000000000000000e+00 4.356205018936939316e-02
4.000000000000000000e+00 1.000000000000000000e+01 5.991362036534084168e-02
4.000000000000000000e+00 1.100000000000000000e+01 7.248939794181538665e-02
4.000000000000000000e+00 1.200000000000000000e+01 8.079487333434853813e-02
4.000000000000000000e+00 1.300000000000000000e+01 8.542548781905866251e-02
4.000000000000000000e+00 1.400000000000000000e+01 8.734295165765650071e-02
4.000000000000000000e+00 1.500000000000000000e+01 8.734295165765650071e-02
4.000000000000000000e+00 1.600000000000000000e+01 8.542548781905866251e-02
4.000000000000000000e+00 1.700000000000000000e+01 8.079487333434841323e-02
4.000000000000000000e+00 1.800000000000000000e+01 7.248939794181538665e-02
4.000000000000000000e+00 1.900000000000000000e+01 5.991362036534084168e-02
4.000000000000000000e+00 2.000000000000000000e+01 4.356205018937117646e-02
4.000000000000000000e+00 2.100000000000000000e+01 2.586245659807142813e-02
4.000000000000000000e+00 2.200000000000000000e+01 1.108878776160641608e-02
4.000000000000000000e+00 2.300000000000000000e+01 2.618717366264153561e-03
4.000000000000000000e+00 2.400000000000000000e+01 1.001053544960924652e-04
4.000000000000000000e+00 2.500000000000000000e+01 0.000000000000000000e+00
4.000000000000000000e+00 2.600000000000000000e+01 0.000000000000000000e+00
4.000000000000000000e+00 2.700000000000000000e+01 0.000000000000000000e+00
4.000000000000000000e+00 2.800000000000000000e+01 0.000000000000000000e+00
4.000000000000000000e+00 2.900000000000000000e+01 0.000000000000000000e+00
5.000000000000000000e+00 0.000000000000000000e+00 0.000000000000000000e+00
5.000000000000000000e+00 1.000000000000000000e+00 0.000000000000000000e+00
5.000000000000000000e+00 2.000000000000000000e+00 0.000000000000000000e+00
5.000000000000000000e+00 3.000000000000000000e+00 0.000000000000000000e+00
5.000000000000000000e+00 4.000000000000000000e+00 1.001053544960924652e-04
5.000000000000000000e+00 5.000000000000000000e+00 3.361579268072003353e-03
5.000000000000000000e+00 6.000000000000000000e+00 1.602307613626761593e-02
5.000000000000000000e+00 7.000000000000000000e+00 4.159493834823875524e-02
5.000000000000000000e+00 8.000000000000000000e+00 7.651495836748051227e-02
5.000000000000000000e+00 9.000000000000000000e+00 1.115628393809065394e-01
5.000000000000000000e+00 1.000000000000000000e+01 1.391448635063527728e-01
5.000000000000000000e+00 1.100000000000000000e+01 1.573074784302596896e-01
5.000000000000000000e+00 1.200000000000000000e+01 1.678322590361899513e-01
5.000000000000000000e+00 1.300000000000000000e+01 1.730346228741596049e-01
5.000000000000000000e+00 1.400000000000000000e+01 1.750311133935283370e-01
5.000000000000000000e+00 1.500000000000000000e+01 1.750311133935283370e-01
5.000000000000000000e+00 1.600000000000000000e+01 1.730346228741596049e-01
5.000000000000000000e+00 1.700000000000000000e+01 1.678322590361899236e-01
5.000000000000000000e+00 1.800000000000000000e+01 1.573074784302596896e-01
5.000000000000000000e+00 1.900000000000000000e+01 1.391448635063527728e-01
5.000000000000000000e+00 2.000000000000000000e+01 1.115628393809063312e-01
5.000000000000000000e+00 2.100000000000000000e+01 7.651495836748051227e-02
5.000000000000000000e+00 2.200000000000000000e+01 4.159493834824043446e-02
5.000000000000000000e+00 2.300000000000000000e+01 1.602307613626761593e-02
5.000000000000000000e+00 2.400000000000000000e+01 3.361579268072003353e-03
5.000000000000000000e+00 2.500000000000000000e+01 1.001053544960925465e-04
5.000000000000000000e+00 2.600000000000000000e+01 0.000000000000000000e+00
5.000000000000000000e+00 2.700000000000000000e+01 0.000000000000000000e+00
5.000000000000000000e+00 2.800000000000000000e+01 0.000000000000000000e+00
5.000000000000000000e+00 2.900000000000000000e+01 0.000000000000000000e+00
6.000000000000000000e+00 0.000000000000000000e+00 0.000000000000000000e+00
6.000000000000000000e+00 1.000000000000000000e+00 0.000000000000000000e+00
6.000000000000000000e+00 2.000000000000000000e+00 0.000000000000000000e+00
6.000000000000000000e+00 3.000000000000000000e+00 1.949652670857206945e-05
6.000000000000000000e+00 4.000000000000000000e+00 2.618717366264153561e-03
6.000000000000000000e+00 5.000000000000000000e+00 1.602307613626761593e-02
6.000000000000000000e+00 6.000000000000000000e+00 4.893152765111198621e-02
6.000000000000000000e+00 7.000000000000000000e+00 1.035306244028206951e-01
6.000000000000000000e+00 8.000000000000000000e+00 1.687439235864076625e-01
6.000000000000000000e+00 9.000000000000000000e+00 2.263054067055474405e-01
6.000000000000000000e+00 1.000000000000000000e+01 2.654370929427631864e-01
6.000000000000000000e+00 1.100000000000000000e+01 2.868417629186075790e-01
6.000000000000000000e+00 1.200000000000000000e+01 2.966053854577699878e-01
6.000000000000000000e+00 1.300000000000000000e+01 3.005027022469635156e-01
6.000000000000000000e+00 1.400000000000000000e+01 3.019343311023193754e-01
6.000000000000000000e+00 1.500000000000000000e+01 3.019343311023193754e-01
6.000000000000000000e+00 1.600000000000000000e+01 3.005027022469635156e-01
6.000000000000000000e+00 1.700000000000000000e+01 2.966053854577704318e-01
6.000000000000000000e+00 1.800000000000000000e+01 2.868417629186075790e-01
6.000000000000000000e+00 1.900000000000000000e+01 2.654370929427631864e-01
6.000000000000000000e+00 2.000000000000000000e+01 2.263054067055475516e-01
6.000000000000000000e+00 2.100000000000000000e+01 1.687439235864076625e-01
6.000000000000000000e+00 2.200000000000000000e+01 1.035306244028235539e-01
6.000000000000000000e+00 2.300000000000000000e+01 4.893152765111198621e-02
6.000000000000000000e+00 2.400000000000000000e+01 1.602307613626761593e-02
6.000000000000000000e+00 2.500000000000000000e+01 2.618717366262237126e-03
6.000000000000000000e+00 2.600000000000000000e+01 1.949652670857206945e-05
6.000000000000000000e+00 2.700000000000000000e+01 0.000000000000000000e+00
6.000000000000000000e+00 2.800000000000000000e+01 0.000000000000000000e+00
6.000000000000000000e+00 2.900000000000000000e+01 0.000000000000000000e+00
7.000000000000000000e+00 0.000000000000000000e+00 0.000000000000000000e+00
7.000000000000000000e+00 1.000000000000000000e+00 0.000000000000000000e+00
7.000000000000000000e+00 2.000000000000000000e+00 0.000000000000000000e+00
7.000000000000000000e+00 3.000000000000000000e+00 1.130420696344599856e-03
7.000000000000000000e+00 4.000000000000000000e+00 1.108878776160641087e-02
7.000000000000000000e+00 5.000000000000000000e+00 4.159493834823875524e-02
7.000000000000000000e+00 6.000000000000000000e+00 1.035306244028206951e-01
7.000000000000000000e+00 7.000000000000000000e+00 1.960499477824899361e-01
7.000000000000000000e+00 8.000000000000000000e+00 2.976184835924809979e-01
7.000000000000000000e+00 9.000000000000000000e+00 3.794222428223965049e-01
7.000000000000000000e+00 1.000000000000000000e+01 4.287079403717627413e-01
7.000000000000000000e+00 1.100000000000000000e+01 4.508542951591684167e-01
7.000000000000000000e+00 1.200000000000000000e+01 4.573487312362052859e-01
7.000000000000000000e+00 1.300000000000000000e+01 4.583330375369797371e-01
7.000000000000000000e+00 1.400000000000000000e+01 4.586567041261995215e-01
7.000000000000000000e+00 1.500000000000000000e+01 4.586567041261995215e-01
7.000000000000000000e+00 1.600000000000000000e+01 4.583330375369797371e-01
7.000000000000000000e+00 1.700000000000000000e+01 4.573487312362057855e-01
7.000000000000000000e+00 1.800000000000000000e+01 4.508542951591684167e-01
7.000000000000000000e+00 1.900000000000000000e+01 4.287079403717627413e-01
7.000000000000000000e+00 2.000000000000000000e+01 3.794222428223958943e-01
7.000000000000000000e+00 2.100000000000000000e+01 2.976184835924809979e-01
7.000000000000000000e+00 2.200000000000000000e+01 1.960499477824907966e-01
7.000000000000000000e+00 2.300000000000000000e+01 1.035306244028206951e-01
7.000000000000000000e+00 2.400000000000000000e+01 4.159493834823875524e-02
7.000000000000000000e+00 2.500000000000000000e+01 1.108878776160491901e-02
7.000000000000000000e+00 2.600000000000000000e+01 1.130420696344599856e-03
7.000000000000000000e+00 2.700000000000000000e+01 0.000000000000000000e+00
7.000000000000000000e+00 2.800000000000000000e+01 0.000000000000000000e+00
7.000000000000000000e+00 2.900000000000000000e+01 0.000000000000000000e+00
8.000000000000000000e+00 0.000000000000000000e+00 0.000000000000000000e+00
8.000000000000000000e+00 1.000000000000000000e+00 0.000000000000000000e+00
8.000000000000000000e+00 2.000000000000000000e+00 1.543661958194758068e-04
8.000000000000000000e+00 3.000000000000000000e+00 5.090407825667962738e-03
8.000000000000000000e+00 4.000000000000000000e+00 2.586245659807142813e-02
8.000000000000000000e+00 5.000000000000000000e+00 7.651495836748051227e-02
8.000000000000000000e+00 6.000000000000000000e+00 1.687439235864076625e-01
8.000000000000000000e+00 7.000000000000000000e+00 2.976184835924809979e-01
8.000000000000000000e+00 8.000000000000000000e+00 4.323435188500918125e-01
8.000000000000000000e+00 9.000000000000000000e+00 5.361639654231503682e-01
8.000000000000000000e+00 1.000000000000000000e+01 5.953849554761295737e-01
8.000000000000000000e+00 1.100000000000000000e+01 6.194035580468451041e-01
8.000000000000000000e+00 1.200000000000000000e+01 6.242969580718541467e-01
8.000000000000000000e+00 1.300000000000000000e+01 6.231791375756657869e-01
8.000000000000000000e+00 1.400000000000000000e+01 6.222481062624571901e-01
8.000000000000000000e+00 1.500000000000000000e+01 6.222481062624571901e-01
8.000000000000000000e+00 1.600000000000000000e+01 6.231791375756657869e-01
8.000000000000000000e+00 1.700000000000000000e+01 6.242969580718547018e-01
8.000000000000000000e+00 1.800000000000000000e+01 6.194035580468451041e-01
8.000000000000000000e+00 1.900000000000000000e+01 5.953849554761295737e-01
8.000000000000000000e+00 2.000000000000000000e+01 5.361639654231524776e-01
8.000000000000000000e+00 2.100000000000000000e+01 4.323435188500918125e-01
8.000000000000000000e+00 2.200000000000000000e+01 2.976184835924807204e-01
8.000000000000000000e+00 2.300000000000000000e+01 1.687439235864076625e-01
8.000000000000000000e+00 2.400000000000000000e+01 7.651495836748051227e-02
8.000000000000000000e+00 2.500000000000000000e+01 2.586245659807236835e-02
8.000000000000000000e+00 2.600000000000000000e+01 5.090407825667962738e-03
8.000000000000000000e+00 2.700000000000000000e+01 1.543661958194758068e-04
8.000000000000000000e+00 2.800000000000000000e+01 0.000000000000000000e+00
8.000000000000000000e+00 2.900000000000000000e+01 0.000000000000000000e+00
9.000000000000000000e+00 0.000000000000000000e+00 0.000000000000000000e+00
9.000000000000000000e+00 1.000000000000000000e+00 0.000000000000000000e+00
9.000000000000000000e+00 2.000000000000000000e+00 1.234254831398005946e-03
9.000000000000000000e+00 3.000000000000000000e+00 1.168596871314803685e-02
9.000000000000000000e+00 4.000000000000000000e+00 4.356205018936939316e-02
9.000000000000000000e+00 5.000000000000000000e+00 1.115628393809065394e-01
9.000000000000000000e+00 6.000000000000000000e+00 2.263054067055474405e-01
9.000000000000000000e+00 7.000000000000000000e+00 3.794222428223965049e-01
9.000000000000000000e+00 8.000000000000000000e+00 5.361639654231503682e-01
9.000000000000000000e+00 9.000000000000000000e+00 6.572837643032157784e-01
9.000000000000000000e+00 1.000000000000000000e+01 7.282512722876317568e-01
9.000000000000000000e+00 1.100000000000000000e+01 7.592737013220335340e-01
9.000000000000000000e+00 1.200000000000000000e+01 7.681776513753766356e-01
9.000000000000000000e+00 1.300000000000000000e+01 7.678693173289246054e-01
9.000000000000000000e+00 1.400000000000000000e+01 7.661902491434273710e-01
9.000000000000000000e+00 1.500000000000000000e+01 7.661902491434273710e-01
9.000000000000000000e+00 1.600000000000000000e+01 7.678693173289246054e-01
9.000000000000000000e+00 1.700000000000000000e+01 7.681776513753768576e-01
9.000000000000000000e+00 1.800000000000000000e+01 7.592737013220335340e-01
9.000000000000000000e+00 1.900000000000000000e+01 7.282512722876317568e-01
9.000000000000000000e+00 2.000000000000000000e+01 6.572837643032151123e-01
9.000000000000000000e+00 2.100000000000000000e+01 5.361639654231503682e-01
9.000000000000000000e+00 2.200000000000000000e+01 3.794222428223949506e-01
9.000000000000000000e+00 2.300000000000000000e+01 2.263054067055474405e-01
9.000000000000000000e+00 2.400000000000000000e+01 1.115628393809065394e-01
9.000000000000000000e+00 2.500000000000000000e+01 4.356205018937073237e-02
9.000000000000000000e+00 2.600000000000000000e+01 1.168596871314803685e-02
9.000000000000000000e+00 2.700000000000000000e+01 1.234254831398005946e-03
9.000000000000000000e+00 2.800000000000000000e+01 0.000000000000000000e+00
9.000000000000000000e+00 2.900000000000000000e+01 0.000000000000000000e+00
1.000000000000000000e+01 0.000000000000000000e+00 0.000000000000000000e+00
1.000000000000000000e+01 1.000000000000000000e+00 3.581603030826325450e-05
1.000000000000000000e+01 2.000000000000000000e+00 3.314586059809449068e-03
1.000000000000000000e+01 3.000000000000000000e+00 1.923406679989258031e-02
1.000000000000000000e+01 4.000000000000000000e+00 5.991362036534084168e-02
1.000000000000000000e+01 5.000000000000000000e+00 1.391448635063527728e-01
1.000000000000000000e+01 6.000000000000000000e+00 2.654370929427631864e-01
1.000000000000000000e+01 7.000000000000000000e+00 4.287079403717627413e-01
1.000000000000000000e+01 8.000000000000000000e+00 5.953849554761295737e-01
1.000000000000000000e+01 9.000000000000000000e+00 7.282512722876317568e-01
1.000000000000000000e+01 1.000000000000000000e+01 8.120582698380683917e-01
1.000000000000000000e+01 1.100000000000000000e+01 8.549232968482247674e-01
1.000000000000000000e+01 1.200000000000000000e+01 8.718680072736133546e-01
1.000000000000000000e+01 1.300000000000000000e+01 8.750145621607768875e-01
1.000000000000000000e+01 1.400000000000000000e+01 8.737333921304047957e-01
1.000000000000000000e+01 1.500000000000000000e+01 8.737333921304047957e-01
1.000000000000000000e+01 1.600000000000000000e+01 8.750145621607768875e-01
1.000000000000000000e+01 1.700000000000000000e+01 8.718680072736137987e-01
1.000000000000000000e+01 1.800000000000000000e+01 8.549232968482247674e-01
1.000000000000000000e+01 1.900000000000000000e+01 8.120582698380683917e-01
1.000000000000000000e+01 2.000000000000000000e+01 7.282512722876315348e-01
1.000000000000000000e+01 2.100000000000000000e+01 5.953849554761295737e-01
1.000000000000000000e+01 2.200000000000000000e+01 4.287079403717625747e-01
1.000000000000000000e+01 2.300000000000000000e+01 2.654370929427631864e-01
1.000000000000000000e+01 2.400000000000000000e+01 1.391448635063527728e-01
1.000000000000000000e+01 2.500000000000000000e+01 5.991362036534118862e-02
1.000000000000000000e+01 2.600000000000000000e+01 1.923406679989258031e-02
1.000000000000000000e+01 2.700000000000000000e+01 3.314586059809449068e-03
1.000000000000000000e+01 2.800000000000000000e+01 3.581603030888959132e-05
1.000000000000000000e+01 2.900000000000000000e+01 0.000000000000000000e+00
1.100000000000000000e+01 0.000000000000000000e+00 0.000000000000000000e+00
1.100000000000000000e+01 1.000000000000000000e+00 2.769187710434201587e-04
1.100000000000000000e+01 2.000000000000000000e+00 5.773763975931042042e-03
1.100000000000000000e+01 3.000000000000000000e+00 2.600686293845590885e-02
1.100000000000000000e+01 4.000000000000000000e+00 7.248939794181538665e-02
1.100000000000000000e+01 5.000000000000000000e+00 1.573074784302596896e-01
1.100000000000000000e+01 6.000000000000000000e+00 2.868417629186075790e-01
1.100000000000000000e+01 7.000000000000000000e+00 4.508542951591684167e-01
1.100000000000000000e+01 8.000000000000000000e+00 6.194035580468451041e-01
1.100000000000000000e+01 9.000000000000000000e+00 7.592737013220335340e-01
1.100000000000000000e+01 1.000000000000000000e+01 8.549232968482247674e-01
1.100000000000000000e+01 1.100000000000000000e+01 9.096381812114859855e-01
1.100000000000000000e+01 1.200000000000000000e+01 9.347534428534306494e-01
1.100000000000000000e+01 1.300000000000000000e+01 9.423879301496338456e-01
1.100000000000000000e+01 1.400000000000000000e+01 9.425197685574543405e-01
1.100000000000000000e+01 1.500000000000000000e+01 9.425197685574543405e-01
1.100000000000000000e+01 1.600000000000000000e+01 9.423879301496338456e-01
1.100000000000000000e+01 1.700000000000000000e+01 9.347534428534320927e-01
1.100000000000000000e+01 1.800000000000000000e+01 9.096381812114859855e-01
1.100000000000000000e+01 1.900000000000000000e+01 8.549232968482247674e-01
1.100000000000000000e+01 2.000000000000000000e+01 7.592737013220340891e-01
1.100000000000000000e+01 2.100000000000000000e+01 6.194035580468451041e-01
1.100000000000000000e+01 2.200000000000000000e+01 4.508542951591691383e-01
1.100000000000000000e+01 2.300000000000000000e+01 2.868417629186075790e-01
1.100000000000000000e+01 2.400000000000000000e+01 1.573074784302596896e-01
1.100000000000000000e+01 2.500000000000000000e+01 7.248939794181716301e-02
1.100000000000000000e+01 2.600000000000000000e+01 2.600686293845590885e-02
1.100000000000000000e+01 2.700000000000000000e+01 5.773763975931042042e-03
1.100000000000000000e+01 2.800000000000000000e+01 2.769187710422834812e-04
1.100000000000000000e+01 2.900000000000000000e+01 0.000000000000000000e+00
1.200000000000000000e+01 0.000000000000000000e+00 0.000000000000000000e+00
1.200000000000000000e+01 1.000000000000000000e+00 6.712655342246227549e-04
1.200000000000000000e+01 2.000000000000000000e+00 7.951443442985331456e-03
1.200000000000000000e+01 3.000000000000000000e+00 3.104531589117970336e-02
1.200000000000000000e+01 4.000000000000000000e+00 8.079487333434853813e-02
1.200000000000000000e+01 5.000000000000000000e+00 1.678322590361899513e-01
1.200000000000000000e+01 6.000000000000000000e+00 2.966053854577699878e-01
1.200000000000000000e+01 7.000000000000000000e+00 4.573487312362052859e-01
1.200000000000000000e+01 8.000000000000000000e+00 6.242969580718541467e-01
1.200000000000000000e+01 9.000000000000000000e+00 7.681776513753766356e-01
1.200000000000000000e+01 1.000000000000000000e+01 8.718680072736133546e-01
1.200000000000000000e+01 1.100000000000000000e+01 9.347534428534306494e-01
1.200000000000000000e+01 1.200000000000000000e+01 9.662429814095055969e-01
1.200000000000000000e+01 1.300000000000000000e+01 9.779008084547983204e-01
1.200000000000000000e+01 1.400000000000000000e+01 9.797583134992684517e-01
1.200000000000000000e+01 1.500000000000000000e+01 9.797583134992684517e-01
1.200000000000000000e+01 1.600000000000000000e+01 9.779008084547983204e-01
1.200000000000000000e+01 1.700000000000000000e+01 9.662429814095050418e-01
1.200000000000000000e+01 1.800000000000000000e+01 9.347534428534306494e-01
1.200000000000000000e+01 1.900000000000000000e+01 8.718680072736133546e-01
1.200000000000000000e+01 2.000000000000000000e+01 7.681776513753758584e-01
1.200000000000000000e+01 2.100000000000000000e+01 6.242969580718541467e-01
1.200000000000000000e+01 2.200000000000000000e+01 4.573487312362057855e-01
1.200000000000000000e+01 2.300000000000000000e+01 2.966053854577699878e-01
1.200000000000000000e+01 2.400000000000000000e+01 1.678322590361899513e-01
1.200000000000000000e+01 2.500000000000000000e+01 8.079487333434945406e-02
1.200000000000000000e+01 2.600000000000000000e+01 3.104531589117970336e-02
1.200000000000000000e+01 2.700000000000000000e+01 7.951443442985331456e-03
1.200000000000000000e+01 2.800000000000000000e+01 6.712655342235888598e-04
1.200000000000000000e+01 2.900000000000000000e+01 0.000000000000000000e+00
1.300000000000000000e+01 0.000000000000000000e+00 0.000000000000000000e+00
1.300000000000000000e+01 1.000000000000000000e+00 1.039753937940242432e-03
1.300000000000000000e+01 2.000000000000000000e+00 9.461604164664133218e-03
1.300000000000000000e+01 3.000000000000000000e+00 3.414680688075239640e-02
1.300000000000000000e+01 4.000000000000000000e+00 8.542548781905866251e-02
1.300000000000000000e+01 5.000000000000000000e+00 1.730346228741596049e-01
1.300000000000000000e+01 6.000000000000000000e+00 3.005027022469635156e-01
1.300000000000000000e+01 7.000000000000000000e+00 4.583330375369797371e-01
1.300000000000000000e+01 8.000000000000000000e+00 6.231791375756657869e-01
1.300000000000000000e+01 9.000000000000000000e+00 7.678693173289246054e-01
1.300000000000000000e+01 1.000000000000000000e+01 8.750145621607768875e-01
1.300000000000000000e+01 1.100000000000000000e+01 9.423879301496338456e-01
1.300000000000000000e+01 1.200000000000000000e+01 9.779008084547983204e-01
1.300000000000000000e+01 1.300000000000000000e+01 9.923817720131082876e-01
1.300000000000000000e+01 1.400000000000000000e+01 9.956467929848472620e-01
1.300000000000000000e+01 1.500000000000000000e+01 9.956467929848472620e-01
1.300000000000000000e+01 1.600000000000000000e+01 9.923817720131082876e-01
1.300000000000000000e+01 1.700000000000000000e+01 9.779008084547990975e-01
1.300000000000000000e+01 1.800000000000000000e+01 9.423879301496338456e-01
1.300000000000000000e+01 1.900000000000000000e+01 8.750145621607768875e-01
1.300000000000000000e+01 2.000000000000000000e+01 7.678693173289247165e-01
1.300000000000000000e+01 2.100000000000000000e+01 6.231791375756657869e-01
1.300000000000000000e+01 2.200000000000000000e+01 4.583330375369800702e-01
1.300000000000000000e+01 2.300000000000000000e+01 3.005027022469635156e-01
1.300000000000000000e+01 2.400000000000000000e+01 1.730346228741596049e-01
1.300000000000000000e+01 2.500000000000000000e+01 8.542548781905924538e-02
1.300000000000000000e+01 2.600000000000000000e+01 3.414680688075239640e-02
1.300000000000000000e+01 2.700000000000000000e+01 9.461604164664133218e-03
1.300000000000000000e+01 2.800000000000000000e+01 1.039753937940242649e-03
1.300000000000000000e+01 2.900000000000000000e+01 0.000000000000000000e+00
1.400000000000000000e+01 0.000000000000000000e+00 0.000000000000000000e+00
1.400000000000000000e+01 1.000000000000000000e+00 1.249016173371245673e-03
1.400000000000000000e+01 2.000000000000000000e+00 1.019506198826445817e-02
1.400000000000000000e+01 3.000000000000000000e+00 3.553458348566737590e-02
1.400000000000000000e+01 4.000000000000000000e+00 8.734295165765650071e-02
1.400000000000000000e+01 5.000000000000000000e+00 1.750311133935283370e-01
1.400000000000000000e+01 6.000000000000000000e+00 3.019343311023193754e-01
1.400000000000000000e+01 7.000000000000000000e+00 4.586567041261995215e-01
1.400000000000000000e+01 8.000000000000000000e+00 6.222481062624571901e-01
1.400000000000000000e+01 9.000000000000000000e+00 7.661902491434273710e-01
1.400000000000000000e+01 1.000000000000000000e+01 8.737333921304047957e-01
1.400000000000000000e+01 1.100000000000000000e+01 9.425197685574543405e-01
1.400000000000000000e+01 1.200000000000000000e+01 9.797583134992684517e-01
1.400000000000000000e+01 1.300000000000000000e+01 9.956467929848472620e-01
1.400000000000000000e+01 1.400000000000000000e+01 9.996931254771405095e-01
1.400000000000000000e+01 1.500000000000000000e+01 9.996931254771405095e-01
1.400000000000000000e+01 1.600000000000000000e+01 9.956467929848472620e-01
1.400000000000000000e+01 1.700000000000000000e+01 9.797583134992694509e-01
1.400000000000000000e+01 1.800000000000000000e+01 9.425197685574543405e-01
1.400000000000000000e+01 1.900000000000000000e+01 8.737333921304047957e-01
1.400000000000000000e+01 2.000000000000000000e+01 7.661902491434272600e-01
1.400000000000000000e+01 2.100000000000000000e+01 6.222481062624571901e-01
1.400000000000000000e+01 2.200000000000000000e+01 4.586567041261997990e-01
1.400000000000000000e+01 2.300000000000000000e+01 3.019343311023193754e-01
1.400000000000000000e+01 2.400000000000000000e+01 1.750311133935283370e-01
1.400000000000000000e+01 2.500000000000000000e+01 8.734295165765665336e-02
1.400000000000000000e+01 2.600000000000000000e+01 3.553458348566737590e-02
1.400000000000000000e+01 2.700000000000000000e+01 1.019506198826445817e-02
1.400000000000000000e+01 2.800000000000000000e+01 1.249016173371245457e-03
1.400000000000000000e+01 2.900000000000000000e+01 0.000000000000000000e+00
1.500000000000000000e+01 0.000000000000000000e+00 0.000000000000000000e+00
1.500000000000000000e+01 1.000000000000000000e+00 1.249016173371245673e-03
1.500000000000000000e+01 2.000000000000000000e+00 1.019506198826445817e-02
1.500000000000000000e+01 3.000000000000000000e+00 3.553458348566737590e-02
1.500000000000000000e+01 4.000000000000000000e+00 8.734295165765650071e-02
1.500000000000000000e+01 5.000000000000000000e+00 1.750311133935283370e-01
1.500000000000000000e+01 6.000000000000000000e+00 3.019343311023193754e-01
1.500000000000000000e+01 7.000000000000000000e+00 4.586567041261995215e-01
1.500000000000000000e+01 8.000000000000000000e+00 6.222481062624571901e-01
1.500000000000000000e+01 9.000000000000000000e+00 7.661902491434273710e-01
1.500000000000000000e+01 1.000000000000000000e+01 8.737333921304047957e-01
1.500000000000000000e+01 1.100000000000000000e+01 9.425197685574543405e-01
1.500000000000000000e+01 1.200000000000000000e+01 9.797583134992684517e-01
1.500000000000000000e+01 1.300000000000000000e+01 9.956467929848472620e-01
1.500000000000000000e+01 1.400000000000000000e+01 9.996931254771405095e-01
1.500000000000000000e+01 1.500000000000000000e+01 9.996931254771405095e-01
1.500000000000000000e+01 1.600000000000000000e+01 9.956467929848472620e-01
1.500000000000000000e+01 1.700000000000000000e+01 9.797583134992694509e-01
1.500000000000000000e+01 1.800000000000000000e+01 9.425197685574543405e-01
1.500000000000000000e+01 1.900000000000000000e+01 8.737333921304047957e-01
1.500000000000000000e+01 2.000000000000000000e+01 7.661902491434272600e-01
1.500000000000000000e+01 2.100000000000000000e+01 6.222481062624571901e-01
1.500000000000000000e+01 2.200000000000000000e+01 4.586567041261997990e-01
1.500000000000000000e+01 2.300000000000000000e+01 3.019343311023193754e-01
1.500000000000000000e+01 2.400000000000000000e+01 1.750311133935283370e-01
1.500000000000000000e+01 2.500000000000000000e+01 8.734295165765665336e-02
1.500000000000000000e+01 2.600000000000000000e+01 3.553458348566737590e-02
1.500000000000000000e+01 2.700000000000000000e+01 1.019506198826445817e-02
1.500000000000000000e+01 2.800000000000000000e+01 1.249016173371245457e-03
1.500000000000000000e+01 2.900000000000000000e+01 0.000000000000000000e+00
1.600000000000000000e+01 0.000000000000000000e+00 0.000000000000000000e+00
1.600000000000000000e+01 1.000000000000000000e+00 1.039753937940242432e-03
1.600000000000000000e+01 2.000000000000000000e+00 9.461604164664133218e-03
1.600000000000000000e+01 3.000000000000000000e+00 3.414680688075239640e-02
1.600000000000000000e+01 4.000000000000000000e+00 8.542548781905866251e-02
1.600000000000000000e+01 5.000000000000000000e+00 1.730346228741596049e-01
1.600000000000000000e+01 6.000000000000000000e+00 3.005027022469635156e-01
1.600000000000000000e+01 7.000000000000000000e+00 4.583330375369797371e-01
1.600000000000000000e+01 8.000000000000000000e+00 6.231791375756657869e-01
1.600000000000000000e+01 9.000000000000000000e+00 7.678693173289246054e-01
1.600000000000000000e+01 1.000000000000000000e+01 8.750145621607768875e-01
1.600000000000000000e+01 1.100000000000000000e+01 9.423879301496338456e-01
1.600000000000000000e+01 1.200000000000000000e+01 9.779008084547983204e-01
1.600000000000000000e+01 1.300000000000000000e+01 9.923817720131082876e-01
1.600000000000000000e+01 1.400000000000000000e+01 9.956467929848472620e-01
1.600000000000000000e+01 1.500000000000000000e+01 9.956467929848472620e-01
1.600000000000000000e+01 1.600000000000000000e+01 9.923817720131082876e-01
1.600000000000000000e+01 1.700000000000000000e+01 9.779008084547990975e-01
1.600000000000000000e+01 1.800000000000000000e+01 9.423879301496338456e-01
1.600000000000000000e+01 1.900000000000000000e+01 8.750145621607768875e-01
1.600000000000000000e+01 2.000000000000000000e+01 7.678693173289247165e-01
1.600000000000000000e+01 2.100000000000000000e+01 6.231791375756657869e-01
1.600000000000000000e+01 2.200000000000000000e+01 4.583330375369800702e-01
1.600000000000000000e+01 2.300000000000000000e+01 3.005027022469635156e-01
1.600000000000000000e+01 2.400000000000000000e+01 1.730346228741596049e-01
1.600000000000000000e+01 2.500000000000000000e+01 8.542548781905924538e-02
1.600000000000000000e+01 2.600000000000000000e+01 3.414680688075239640e-02
1.600000000000000000e+01 2.700000000000000000e+01 9.461604164664133218e-03
1.600000000000000000e+01 2.800000000000000000e+01 1.039753937940242649e-03
1.600000000000000000e+01 2.900000000000000000e+01 0.000000000000000000e+00
1.700000000000000000e+01 0.000000000000000000e+00 0.000000000000000000e+00
1.700000000000000000e+01 1.000000000000000000e+00 6.712655342246231886e-04
1.700000000000000000e+01 2.000000000000000000e+00 7.951443442985340129e-03
1.700000000000000000e+01 3.000000000000000000e+00 3.104531589117970336e-02
1.700000000000000000e+01 4.000000000000000000e+00 8.079487333434841323e-02
1.700000000000000000e+01 5.000000000000000000e+00 1.678322590361899236e-01
1.700000000000000000e+01 6.000000000000000000e+00 2.966053854577704318e-01
1.700000000000000000e+01 7.000000000000000000e+00 4.573487312362057855e-01
1.700000000000000000e+01 8.000000000000000000e+00 6.242969580718547018e-01
1.700000000000000000e+01 9.000000000000000000e+00 7.681776513753768576e-01
1.700000000000000000e+01 1.000000000000000000e+01 8.718680072736137987e-01
1.700000000000000000e+01 1.100000000000000000e+01 9.347534428534320927e-01
1.700000000000000000e+01 1.200000000000000000e+01 9.662429814095050418e-01
1.700000000000000000e+01 1.300000000000000000e+01 9.779008084547990975e-01
1.700000000000000000e+01 1.400000000000000000e+01 9.797583134992694509e-01
1.700000000000000000e+01 1.500000000000000000e+01 9.797583134992694509e-01
1.700000000000000000e+01 1.600000000000000000e+01 9.779008084547990975e-01
1.700000000000000000e+01 1.700000000000000000e+01 9.662429814095045977e-01
1.700000000000000000e+01 1.800000000000000000e+01 9.347534428534320927e-01
1.700000000000000000e+01 1.900000000000000000e+01 8.718680072736137987e-01
1.700000000000000000e+01 2.000000000000000000e+01 7.681776513753758584e-01
1.700000000000000000e+01 2.100000000000000000e+01 6.242969580718547018e-01
1.700000000000000000e+01 2.200000000000000000e+01 4.573487312362060075e-01
1.700000000000000000e+01 2.300000000000000000e+01 2.966053854577704318e-01
1.700000000000000000e+01 2.400000000000000000e+01 1.678322590361899236e-01
1.700000000000000000e+01 2.500000000000000000e+01 8.079487333434934304e-02
1.700000000000000000e+01 2.600000000000000000e+01 3.104531589117970336e-02
1.700000000000000000e+01 2.700000000000000000e+01 7.951443442985340129e-03
1.700000000000000000e+01 2.800000000000000000e+01 6.712655342235892934e-04
1.700000000000000000e+01 2.900000000000000000e+01 0.000000000000000000e+00
1.800000000000000000e+01 0.000000000000000000e+00 0.000000000000000000e+00
1.800000000000000000e+01 1.000000000000000000e+00 2.769187710434201587e-04
1.800000000000000000e+01 2.000000000000000000e+00 5.773763975931042042e-03
1.800000000000000000e+01 3.000000000000000000e+00 2.600686293845590885e-02
1.800000000000000000e+01 4.000000000000000000e+00 7.248939794181538665e-02
1.800000000000000000e+01 5.000000000000000000e+00 1.573074784302596896e-01
1.800000000000000000e+01 6.000000000000000000e+00 2.868417629186075790e-01
1.800000000000000000e+01 7.000000000000000000e+00 4.508542951591684167e-01
1.800000000000000000e+01 8.000000000000000000e+00 6.194035580468451041e-01
1.800000000000000000e+01 9.000000000000000000e+00 7.592737013220335340e-01
1.800000000000000000e+01 1.000000000000000000e+01 8.549232968482247674e-01
1.800000000000000000e+01 1.100000000000000000e+01 9.096381812114859855e-01
1.800000000000000000e+01 1.200000000000000000e+01 9.347534428534306494e-01
1.800000000000000000e+01 1.300000000000000000e+01 9.423879301496338456e-01
1.800000000000000000e+01 1.400000000000000000e+01 9.425197685574543405e-01
1.800000000000000000e+01 1.500000000000000000e+01 9.425197685574543405e-01
1.800000000000000000e+01 1.600000000000000000e+01 9.423879301496338456e-01
1.800000000000000000e+01 1.700000000000000000e+01 9.347534428534320927e-01
1.800000000000000000e+01 1.800000000000000000e+01 9.096381812114859855e-01
1.800000000000000000e+01 1.900000000000000000e+01 8.549232968482247674e-01
1.800000000000000000e+01 2.000000000000000000e+01 7.592737013220340891e-01
1.800000000000000000e+01 2.100000000000000000e+01 6.194035580468451041e-01
1.800000000000000000e+01 2.200000000000000000e+01 4.508542951591691383e-01
1.800000000000000000e+01 2.300000000000000000e+01 2.868417629186075790e-01
1.800000000000000000e+01 2.400000000000000000e+01 1.573074784302596896e-01
1.800000000000000000e+01 2.500000000000000000e+01 7.248939794181716301e-02
1.800000000000000000e+01 2.600000000000000000e+01 2.600686293845590885e-02
1.800000000000000000e+01 2.700000000000000000e+01 5.773763975931042042e-03
1.800000000000000000e+01 2.800000000000000000e+01 2.769187710422834812e-04
1.800000000000000000e+01 2.900000000000000000e+01 0.000000000000000000e+00
1.900000000000000000e+01 0.000000000000000000e+00 0.000000000000000000e+00
1.900000000000000000e+01 1.000000000000000000e+00 3.581603030826325450e-05
1.900000000000000000e+01 2.000000000000000000e+00 3.314586059809449068e-03
1.900000000000000000e+01 3.000000000000000000e+00 1.923406679989258031e-02
1.900000000000000000e+01 4.000000000000000000e+00 5.991362036534084168e-02
1.900000000000000000e+01 5.000000000000000000e+00 1.391448635063527728e-01
1.900000000000000000e+01 6.000000000000000000e+00 2.654370929427631864e-01
1.900000000000000000e+01 7.000000000000000000e+00 4.287079403717627413e-01
1.900000000000000000e+01 8.000000000000000000e+00 5.953849554761295737e-01
1.900000000000000000e+01 9.000000000000000000e+00 7.282512722876317568e-01
1.900000000000000000e+01 1.000000000000000000e+01 8.120582698380683917e-01
1.900000000000000000e+01 1.100000000000000000e+01 8.549232968482247674e-01
1.900000000000000000e+01 1.200000000000000000e+01 8.718680072736133546e-01
1.900000000000000000e+01 1.300000000000000000e+01 8.750145621607768875e-01
1.900000000000000000e+01 1.400000000000000000e+01 8.737333921304047957e-01
1.900000000000000000e+01 1.500000000000000000e+01 8.737333921304047957e-01
1.900000000000000000e+01 1.600000000000000000e+01 8.750145621607768875e-01
1.900000000000000000e+01 1.700000000000000000e+01 8.718680072736137987e-01
1.900000000000000000e+01 1.800000000000000000e+01 8.549232968482247674e-01
1.900000000000000000e+01 1.900000000000000000e+01 8.120582698380683917e-01
1.900000000000000000e+01 2.000000000000000000e+01 7.282512722876315348e-01
1.900000000000000000e+01 2.100000000000000000e+01 5.953849554761295737e-01
1.900000000000000000e+01 2.200000000000000000e+01 4.287079403717625747e-01
1.900000000000000000e+01 2.300000000000000000e+01 2.654370929427631864e-01
1.900000000000000000e+01 2.400000000000000000e+01 1.391448635063527728e-01
1.900000000000000000e+01 2.500000000000000000e+01 5.991362036534118862e-02
1.900000000000000000e+01 2.600000000000000000e+01 1.923406679989258031e-02
1.900000000000000000e+01 2.700000000000000000e+01 3.314586059809449068e-03
1.900000000000000000e+01 2.800000000000000000e+01 3.581603030888959132e-05
1.900000000000000000e+01 2.900000000000000000e+01 0.000000000000000000e+00
2.000000000000000000e+01 0.000000000000000000e+00 0.000000000000000000e+00
2.000000000000000000e+01 1.000000000000000000e+00 0.000000000000000000e+00
2.000000000000000000e+01 2.000000000000000000e+00 1.234254831398006380e-03
2.000000000000000000e+01 3.000000000000000000e+00 1.168596871314802124e-02
2.000000000000000000e+01 4.000000000000000000e+00 4.356205018937117646e-02
2.000000000000000000e+01 5.000000000000000000e+00 1.115628393809063312e-01
2.000000000000000000e+01 6.000000000000000000e+00 2.263054067055475516e-01
2.000000000000000000e+01 7.000000000000000000e+00 3.794222428223958943e-01
2.000000000000000000e+01 8.000000000000000000e+00 5.361639654231524776e-01
2.000000000000000000e+01 9.000000000000000000e+00 6.572837643032151123e-01
2.000000000000000000e+01 1.000000000000000000e+01 7.282512722876315348e-01
2.000000000000000000e+01 1.100000000000000000e+01 7.592737013220340891e-01
2.000000000000000000e+01 1.200000000000000000e+01 7.681776513753758584e-01
2.000000000000000000e+01 1.300000000000000000e+01 7.678693173289247165e-01
2.000000000000000000e+01 1.400000000000000000e+01 7.661902491434272600e-01
2.000000000000000000e+01 1.500000000000000000e+01 7.661902491434272600e-01
2.000000000000000000e+01 1.600000000000000000e+01 7.678693173289247165e-01
2.000000000000000000e+01 1.700000000000000000e+01 7.681776513753758584e-01
2.000000000000000000e+01 1.800000000000000000e+01 7.592737013220340891e-01
2.000000000000000000e+01 1.900000000000000000e+01 7.282512722876315348e-01
2.000000000000000000e+01 2.000000000000000000e+01 6.572837643032157784e-01
2.000000000000000000e+01 2.100000000000000000e+01 5.361639654231524776e-01
2.000000000000000000e+01 2.200000000000000000e+01 3.794222428223973931e-01
2.000000000000000000e+01 2.300000000000000000e+01 2.263054067055475516e-01
2.000000000000000000e+01 2.400000000000000000e+01 1.115628393809063312e-01
2.000000000000000000e+01 2.500000000000000000e+01 4.356205018936946255e-02
2.000000000000000000e+01 2.600000000000000000e+01 1.168596871314802124e-02
2.000000000000000000e+01 2.700000000000000000e+01 1.234254831398006380e-03
2.000000000000000000e+01 2.800000000000000000e+01 0.000000000000000000e+00
2.000000000000000000e+01 2.900000000000000000e+01 0.000000000000000000e+00
2.100000000000000000e+01 0.000000000000000000e+00 0.000000000000000000e+00
2.100000000000000000e+01 1.000000000000000000e+00 0.000000000000000000e+00
2.100000000000000000e+01 2.000000000000000000e+00 1.543661958194758068e-04
2.100000000000000000e+01 3.000000000000000000e+00 5.090407825667962738e-03
2.100000000000000000e+01 4.000000000000000000e+00 2.586245659807142813e-02
2.100000000000000000e+01 5.000000000000000000e+00 7.651495836748051227e-02
2.100000000000000000e+01 6.000000000000000000e+00 1.687439235864076625e-01
2.100000000000000000e+01 7.000000000000000000e+00 2.976184835924809979e-01
2.100000000000000000e+01 8.000000000000000000e+00 4.323435188500918125e-01
2.100000000000000000e+01 9.000000000000000000e+00 5.361639654231503682e-01
2.100000000000000000e+01 1.000000000000000000e+01 5.953849554761295737e-01
2.100000000000000000e+01 1.100000000000000000e+01 6.194035580468451041e-01
2.100000000000000000e+01 1.200000000000000000e+01 6.242969580718541467e-01
2.100000000000000000e+01 1.300000000000000000e+01 6.231791375756657869e-01
2.100000000000000000e+01 1.400000000000000000e+01 6.222481062624571901e-01
2.100000000000000000e+01 1.500000000000000000e+01 6.222481062624571901e-01
2.100000000000000000e+01 1.600000000000000000e+01 6.231791375756657869e-01
2.100000000000000000e+01 1.700000000000000000e+01 6.242969580718547018e-01
2.100000000000000000e+01 1.800000000000000000e+01 6.194035580468451041e-01
2.100000000000000000e+01 1.900000000000000000e+01 5.953849554761295737e-01
2.100000000000000000e+01 2.000000000000000000e+01 5.361639654231524776e-01
2.100000000000000000e+01 2.100000000000000000e+01 4.323435188500918125e-01
2.100000000000000000e+01 2.200000000000000000e+01 2.976184835924807204e-01
2.100000000000000000e+01 2.300000000000000000e+01 1.687439235864076625e-01
2.100000000000000000e+01 2.400000000000000000e+01 7.651495836748051227e-02
2.100000000000000000e+01 2.500000000000000000e+01 2.586245659807236835e-02
2.100000000000000000e+01 2.600000000000000000e+01 5.090407825667962738e-03
2.100000000000000000e+01 2.700000000000000000e+01 1.543661958194758068e-04
2.100000000000000000e+01 2.800000000000000000e+01 0.000000000000000000e+00
2.100000000000000000e+01 2.900000000000000000e+01 0.000000000000000000e+00
2.200000000000000000e+01 0.000000000000000000e+00 0.000000000000000000e+00
2.200000000000000000e+01 1.000000000000000000e+00 0.000000000000000000e+00
2.200000000000000000e+01 2.000000000000000000e+00 0.000000000000000000e+00
2.200000000000000000e+01 3.000000000000000000e+00 1.130420696347208230e-03
2.200000000000000000e+01 4.000000000000000000e+00 1.108878776160641608e-02
2.200000000000000000e+01 5.000000000000000000e+00 4.159493834824043446e-02
2.200000000000000000e+01 6.000000000000000000e+00 1.035306244028235539e-01
2.200000000000000000e+01 7.000000000000000000e+00 1.960499477824907966e-01
2.200000000000000000e+01 8.000000000000000000e+00 2.976184835924807204e-01
2.200000000000000000e+01 9.000000000000000000e+00 3.794222428223949506e-01
2.200000000000000000e+01 1.000000000000000000e+01 4.287079403717625747e-01
2.200000000000000000e+01 1.100000000000000000e+01 4.508542951591691383e-01
2.200000000000000000e+01 1.200000000000000000e+01 4.573487312362057855e-01
2.200000000000000000e+01 1.300000000000000000e+01 4.583330375369800702e-01
2.200000000000000000e+01 1.400000000000000000e+01 4.586567041261997990e-01
2.200000000000000000e+01 1.500000000000000000e+01 4.586567041261997990e-01
2.200000000000000000e+01 1.600000000000000000e+01 4.583330375369800702e-01
2.200000000000000000e+01 1.700000000000000000e+01 4.573487312362060075e-01
2.200000000000000000e+01 1.800000000000000000e+01 4.508542951591691383e-01
2.200000000000000000e+01 1.900000000000000000e+01 4.287079403717625747e-01
2.200000000000000000e+01 2.000000000000000000e+01 3.794222428223973931e-01
2.200000000000000000e+01 2.100000000000000000e+01 2.976184835924807204e-01
2.200000000000000000e+01 2.200000000000000000e+01 1.960499477824912684e-01
2.200000000000000000e+01 2.300000000000000000e+01 1.035306244028235539e-01
2.200000000000000000e+01 2.400000000000000000e+01 4.159493834824043446e-02
2.200000000000000000e+01 2.500000000000000000e+01 1.108878776160492421e-02
2.200000000000000000e+01 2.600000000000000000e+01 1.130420696347208230e-03
2.200000000000000000e+01 2.700000000000000000e+01 0.000000000000000000e+00
2.200000000000000000e+01 2.800000000000000000e+01 0.000000000000000000e+00
2.200000000000000000e+01 2.900000000000000000e+01 0.000000000000000000e+00
2.300000000000000000e+01 0.000000000000000000e+00 0.000000000000000000e+00
2.300000000000000000e+01 1.000000000000000000e+00 0.000000000000000000e+00
2.300000000000000000e+01 2.000000000000000000e+00 0.000000000000000000e+00
2.300000000000000000e+01 3.000000000000000000e+00 1.949652670857206945e-05
2.300000000000000000e+01 4.000000000000000000e+00 2.618717366264153561e-03
2.300000000000000000e+01 5.000000000000000000e+00 1.602307613626761593e-02
2.300000000000000000e+01 6.000000000000000000e+00 4.893152765111198621e-02
2.300000000000000000e+01 7.000000000000000000e+00 1.035306244028206951e-01
2.300000000000000000e+01 8.000000000000000000e+00 1.687439235864076625e-01
2.300000000000000000e+01 9.000000000000000000e+00 2.263054067055474405e-01
2.300000000000000000e+01 1.000000000000000000e+01 2.654370929427631864e-01
2.300000000000000000e+01 1.100000000000000000e+01 2.868417629186075790e-01
2.300000000000000000e+01 1.200000000000000000e+01 2.966053854577699878e-01
2.300000000000000000e+01 1.300000000000000000e+01 3.005027022469635156e-01
2.300000000000000000e+01 1.400000000000000000e+01 3.019343311023193754e-01
2.300000000000000000e+01 1.500000000000000000e+01 3.019343311023193754e-01
2.300000000000000000e+01 1.600000000000000000e+01 3.005027022469635156e-01
2.300000000000000000e+01 1.700000000000000000e+01 2.966053854577704318e-01
2.300000000000000000e+01 1.800000000000000000e+01 2.868417629186075790e-01
2.300000000000000000e+01 1.900000000000000000e+01 2.654370929427631864e-01
2.300000000000000000e+01 2.000000000000000000e+01 2.263054067055475516e-01
2.300000000000000000e+01 2.100000000000000000e+01 1.687439235864076625e-01
2.300000000000000000e+01 2.200000000000000000e+01 1.035306244028235539e-01
2.300000000000000000e+01 2.300000000000000000e+01 4.893152765111198621e-02
2.300000000000000000e+01 2.400000000000000000e+01 1.602307613626761593e-02
2.300000000000000000e+01 2.500000000000000000e+01 2.618717366262237126e-03
2.300000000000000000e+01 2.600000000000000000e+01 1.949652670857206945e-05
2.300000000000000000e+01 2.700000000000000000e+01 0.000000000000000000e+00
2.300000000000000000e+01 2.800000000000000000e+01 0.000000000000000000e+00
2.300000000000000000e+01 2.900000000000000000e+01 0.000000000000000000e+00
2.400000000000000000e+01 0.000000000000000000e+00 0.000000000000000000e+00
2.400000000000000000e+01 1.000000000000000000e+00 0.000000000000000000e+00
2.400000000000000000e+01 2.000000000000000000e+00 0.000000000000000000e+00
2.400000000000000000e+01 3.000000000000000000e+00 0.000000000000000000e+00
2.400000000000000000e+01 4.000000000000000000e+00 1.001053544960924652e-04
2.400000000000000000e+01 5.000000000000000000e+00 3.361579268072003353e-03
2.400000000000000000e+01 6.000000000000000000e+00 1.602307613626761593e-02
2.400000000000000000e+01 7.000000000000000000e+00 4.159493834823875524e-02
2.400000000000000000e+01 8.000000000000000000e+00 7.651495836748051227e-02
2.400000000000000000e+01 9.000000000000000000e+00 1.115628393809065394e-01
2.400000000000000000e+01 1.000000000000000000e+01 1.391448635063527728e-01
2.400000000000000000e+01 1.100000000000000000e+01 1.573074784302596896e-01
2.400000000000000000e+01 1.200000000000000000e+01 1.678322590361899513e-01
2.400000000000000000e+01 1.300000000000000000e+01 1.730346228741596049e-01
2.400000000000000000e+01 1.400000000000000000e+01 1.750311133935283370e-01
2.400000000000000000e+01 1.500000000000000000e+01 1.750311133935283370e-01
2.400000000000000000e+01 1.600000000000000000e+01 1.730346228741596049e-01
2.400000000000000000e+01 1.700000000000000000e+01 1.678322590361899236e-01
2.400000000000000000e+01 1.800000000000000000e+01 1.573074784302596896e-01
2.400000000000000000e+01 1.900000000000000000e+01 1.391448635063527728e-01
2.400000000000000000e+01 2.000000000000000000e+01 1.115628393809063312e-01
2.400000000000000000e+01 2.100000000000000000e+01 7.651495836748051227e-02
2.400000000000000000e+01 2.200000000000000000e+01 4.159493834824043446e-02
2.400000000000000000e+01 2.300000000000000000e+01 1.602307613626761593e-02
2.400000000000000000e+01 2.400000000000000000e+01 3.361579268072003353e-03
2.400000000000000000e+01 2.500000000000000000e+01 1.001053544960925465e-04
2.400000000000000000e+01 2.600000000000000000e+01 0.000000000000000000e+00
2.400000000000000000e+01 2.700000000000000000e+01 0.000000000000000000e+00
2.400000000000000000e+01 2.800000000000000000e+01 0.000000000000000000e+00
2.400000000000000000e+01 2.900000000000000000e+01 0.000000000000000000e+00
2.500000000000000000e+01 0.000000000000000000e+00 0.000000000000000000e+00
2.500000000000000000e+01 1.000000000000000000e+00 0.000000000000000000e+00
2.500000000000000000e+01 2.000000000000000000e+00 0.000000000000000000e+00
2.500000000000000000e+01 3.000000000000000000e+00 0.000000000000000000e+00
2.500000000000000000e+01 4.000000000000000000e+00 0.000000000000000000e+00
2.500000000000000000e+01 5.000000000000000000e+00 1.001053544960925465e-04
2.500000000000000000e+01 6.000000000000000000e+00 2.618717366262237126e-03
2.500000000000000000e+01 7.000000000000000000e+00 1.108878776160491901e-02
2.500000000000000000e+01 8.000000000000000000e+00 2.586245659807236835e-02
2.500000000000000000e+01 9.000000000000000000e+00 4.356205018937073237e-02
2.500000000000000000e+01 1.000000000000000000e+01 5.991362036534118862e-02
2.500000000000000000e+01 1.100000000000000000e+01 7.248939794181716301e-02
2.500000000000000000e+01 1.200000000000000000e+01 8.079487333434945406e-02
2.500000000000000000e+01 1.300000000000000000e+01 8.542548781905924538e-02
2.500000000000000000e+01 1.400000000000000000e+01 8.734295165765665336e-02
2.500000000000000000e+01 1.500000000000000000e+01 8.734295165765665336e-02
2.500000000000000000e+01 1.600000000000000000e+01 8.542548781905924538e-02
2.500000000000000000e+01 1.700000000000000000e+01 8.079487333434934304e-02
2.500000000000000000e+01 1.800000000000000000e+01 7.248939794181716301e-02
2.500000000000000000e+01 1.900000000000000000e+01 5.991362036534118862e-02
2.500000000000000000e+01 2.000000000000000000e+01 4.356205018936946255e-02
2.500000000000000000e+01 2.100000000000000000e+01 2.586245659807236835e-02
2.500000000000000000e+01 2.200000000000000000e+01 1.108878776160492421e-02
2.500000000000000000e+01 2.300000000000000000e+01 2.618717366262237126e-03
2.500000000000000000e+01 2.400000000000000000e+01 1.001053544960925465e-04
2.500000000000000000e+01 2.500000000000000000e+01 0.000000000000000000e+00
2.500000000000000000e+01 2.600000000000000000e+01 0.000000000000000000e+00
2.500000000000000000e+01 2.700000000000000000e+01 0.000000000000000000e+00
2.500000000000000000e+01 2.800000000000000000e+01 0.000000000000000000e+00
2.500000000000000000e+01 2.900000000000000000e+01 0.000000000000000000e+00
2.600000000000000000e+01 0.000000000000000000e+00 0.000000000000000000e+00
2.600000000000000000e+01 1.000000000000000000e+00 0.000000000000000000e+00
2.600000000000000000e+01 2.000000000000000000e+00 0.000000000000000000e+00
2.600000000000000000e+01 3.000000000000000000e+00 0.000000000000000000e+00
2.600000000000000000e+01 4.000000000000000000e+00 0.000000000000000000e+00
2.600000000000000000e+01 5.000000000000000000e+00 0.000000000000000000e+00
2.600000000000000000e+01 6.000000000000000000e+00 1.949652670857206945e-05
2.600000000000000000e+01 7.000000000000000000e+00 1.130420696344599856e-03
2.600000000000000000e+01 8.000000000000000000e+00 5.090407825667962738e-03
2.600000000000000000e+01 9.000000000000000000e+00 1.168596871314803685e-02
2.600000000000000000e+01 1.000000000000000000e+01 1.923406679989258031e-02
2.600000000000000000e+01 1.100000000000000000e+01 2.600686293845590885e-02
2.600000000000000000e+01 1.200000000000000000e+01 3.104531589117970336e-02
2.600000000000000000e+01 1.300000000000000000e+01 3.414680688075239640e-02
2.600000000000000000e+01 1.400000000000000000e+01 3.553458348566737590e-02
2.600000000000000000e+01 1.500000000000000000e+01 3.553458348566737590e-02
2.600000000000000000e+01 1.600000000000000000e+01 3.414680688075239640e-02
2.600000000000000000e+01 1.700000000000000000e+01 3.104531589117970336e-02
2.600000000000000000e+01 1.800000000000000000e+01 2.600686293845590885e-02
2.600000000000000000e+01 1.900000000000000000e+01 1.923406679989258031e-02
2.600000000000000000e+01 2.000000000000000000e+01 1.168596871314802124e-02
2.600000000000000000e+01 2.100000000000000000e+01 5.090407825667962738e-03
2.600000000000000000e+01 2.200000000000000000e+01 1.130420696347208230e-03
2.600000000000000000e+01 2.300000000000000000e+01 1.949652670857206945e-05
2.600000000000000000e+01 2.400000000000000000e+01 0.000000000000000000e+00
2.600000000000000000e+01 2.500000000000000000e+01 0.000000000000000000e+00
2.600000000000000000e+01 2.600000000000000000e+01 0.000000000000000000e+00
2.600000000000000000e+01 2.700000000000000000e+01 0.000000000000000000e+00
2.600000000000000000e+01 2.800000000000000000e+01 0.000000000000000000e+00
2.600000000000000000e+01 2.900000000000000000e+01 0.000000000000000000e+00
2.700000000000000000e+01 0.000000000000000000e+00 0.000000000000000000e+00
2.700000000000000000e+01 1.000000000000000000e+00 0.000000000000000000e+00
2.700000000000000000e+01 2.000000000000000000e+00 0.000000000000000000e+00
2.700000000000000000e+01 3.000000000000000000e+00 0.000000000000000000e+00
2.700000000000000000e+01 4.000000000000000000e+00 0.000000000000000000e+00
2.700000000000000000e+01 5.000000000000000000e+00 0.000000000000000000e+00
2.700000000000000000e+01 6.000000000000000000e+00 0.000000000000000000e+00
2.700000000000000000e+01 7.000000000000000000e+00 0.000000000000000000e+00
2.700000000000000000e+01 8.000000000000000000e+00 1.543661958194758068e-04
2.700000000000000000e+01 9.000000000000000000e+00 1.234254831398005946e-03
2.700000000000000000e+01 1.000000000000000000e+01 3.314586059809449068e-03
2.700000000000000000e+01 1.100000000000000000e+01 5.773763975931042042e-03
2.700000000000000000e+01 1.200000000000000000e+01 7.951443442985331456e-03
2.700000000000000000e+01 1.300000000000000000e+01 9.461604164664133218e-03
2.700000000000000000e+01 1.400000000000000000e+01 1.019506198826445817e-02
2.700000000000000000e+01 1.500000000000000000e+01 1.019506198826445817e-02
2.700000000000000000e+01 1.600000000000000000e+01 9.461604164664133218e-03
2.700000000000000000e+01 1.700000000000000000e+01 7.951443442985340129e-03
2.700000000000000000e+01 1.800000000000000000e+01 5.773763975931042042e-03
2.700000000000000000e+01 1.900000000000000000e+01 3.314586059809449068e-03
2.700000000000000000e+01 2.000000000000000000e+01 1.234254831398006380e-03
2.700000000000000000e+01 2.100000000000000000e+01 1.543661958194758068e-04
2.700000000000000000e+01 2.200000000000000000e+01 0.000000000000000000e+00
2.700000000000000000e+01 2.300000000000000000e+01 0.000000000000000000e+00
2.700000000000000000e+01 2.400000000000000000e+01 0.000000000000000000e+00
2.700000000000000000e+01 2.500000000000000000e+01 0.000000000000000000e+00
2.700000000000000000e+01 2.600000000000000000e+01 0.000000000000000000e+00
2.700000000000000000e+01 2.700000000000000000e+01 0.000000000000000000e+00
2.700000000000000000e+01 2.800000000000000000e+01 0.000000000000000000e+00
2.700000000000000000e+01 2.900000000000000000e+01 0.000000000000000000e+00
2.800000000000000000e+01 0.000000000000000000e+00 0.000000000000000000e+00
2.800000000000000000e+01 1.000000000000000000e+00 0.000000000000000000e+00
2.800000000000000000e+01 2.000000000000000000e+00 0.000000000000000000e+00
2.800000000000000000e+01 3.000000000000000000e+00 0.000000000000000000e+00
2.800000000000000000e+01 4.000000000000000000e+00 0.000000000000000000e+00
2.800000000000000000e+01 5.000000000000000000e+00 0.000000000000000000e+00
2.800000000000000000e+01 6.000000000000000000e+00 0.000000000000000000e+00
2.800000000000000000e+01 7.000000000000000000e+00 0.000000000000000000e+00
2.800000000000000000e+01 8.000000000000000000e+00 0.000000000000000000e+00
2.800000000000000000e+01 9.000000000000000000e+00 0.000000000000000000e+00
2.800000000000000000e+01 1.000000000000000000e+01 3.581603030888959132e-05
2.800000000000000000e+01 1.100000000000000000e+01 2.769187710422834812e-04
2.800000000000000000e+01 1.200000000000000000e+01 6.712655342235888598e-04
2.800000000000000000e+01 1.300000000000000000e+01 1.039753937940242649e-03
2.800000000000000000e+01 1.400000000000000000e+01 1.249016173371245457e-03
2.800000000000000000e+01 1.500000000000000000e+01 1.249016173371245457e-03
2.800000000000000000e+01 1.600000000000000000e+01 1.039753937940242649e-03
2.800000000000000000e+01 1.700000000000000000e+01 6.712655342235892934e-04
2.800000000000000000e+01 1.800000000000000000e+01 2.769187710422834812e-04
2.800000000000000000e+01 1.900000000000000000e+01 3.581603030888959132e-05
2.800000000000000000e+01 2.000000000000000000e+01 0.000000000000000000e+00
2.800000000000000000e+01 2.100000000000000000e+01 0.000000000000000000e+00
2.800000000000000000e+01 2.200000000000000000e+01 0.000000000000000000e+00
2.800000000000000000e+01 2.300000000000000000e+01 0.000000000000000000e+00
2.800000000000000000e+01 2.400000000000000000e+01 0.000000000000000000e+00
2.800000000000000000e+01 2.500000000000000000e+01 0.000000000000000000e+00
2.800000000000000000e+01 2.600000000000000000e+01 0.000000000000000000e+00
2.800000000000000000e+01 2.700000000000000000e+01 0.000000000000000000e+00
2.800000000000000000e+01 2.800000000000000000e+01 0.000000000000000000e+00
2.800000000000000000e+01 2.900000000000000000e+01 0.000000000000000000e+00
2.900000000000000000e+01 0.000000000000000000e+00 0.000000000000000000e+00
2.900000000000000000e+01 1.000000000000000000e+00 0.000000000000000000e+00
2.900000000000000000e+01 2.000000000000000000e+00 0.000000000000000000e+00
2.900000000000000000e+01 3.000000000000000000e+00 0.000000000000000000e+00
2.900000000000000000e+01 4.000000000000000000e+00 0.000000000000000000e+00
2.900000000000000000e+01 5.000000000000000000e+00 0.000000000000000000e+00
2.900000000000000000e+01 6.000000000000000000e+00 0.000000000000000000e+00
2.900000000000000000e+01 7.000000000000000000e+00 0.000000000000000000e+00
2.900000000000000000e+01 8.000000000000000000e+00 0.000000000000000000e+00
2.900000000000000000e+01 9.000000000000000000e+00 0.000000000000000000e+00
2.900000000000000000e+01 1.000000000000000000e+01 0.000000000000000000e+00
2.900000000000000000e+01 1.100000000000000000e+01 0.000000000000000000e+00
2.900000000000000000e+01 1.200000000000000000e+01 0.000000000000000000e+00
2.900000000000000000e+01 1.300000000000000000e+01 0.000000000000000000e+00
2.900000000000000000e+01 1.400000000000000000e+01 0.000000000000000000e+00
2.900000000000000000e+01 1.500000000000000000e+01 0.000000000000000000e+00
2.900000000000000000e+01 1.600000000000000000e+01 0.000000000000000000e+00
2.900000000000000000e+01 1.700000000000000000e+01 0.000000000000000000e+00
2.900000000000000000e+01 1.800000000000000000e+01 0.000000000000000000e+00
2.900000000000000000e+01 1.900000000000000000e+01 0.000000000000000000e+00
2.900000000000000000e+01 2.000000000000000000e+01 0.000000000000000000e+00
2.900000000000000000e+01 2.100000000000000000e+01 0.000000000000000000e+00
2.900000000000000000e+01 2.200000000000000000e+01 0.000000000000000000e+00
2.900000000000000000e+01 2.300000000000000000e+01 0.000000000000000000e+00
2.900000000000000000e+01 2.400000000000000000e+01 0.000000000000000000e+00
2.900000000000000000e+01 2.500000000000000000e+01 0.000000000000000000e+00
2.900000000000000000e+01 2.600000000000000000e+01 0.000000000000000000e+00
2.900000000000000000e+01 2.700000000000000000e+01 0.000000000000000000e+00
2.900000000000000000e+01 2.800000000000000000e+01 0.000000000000000000e+00
2.900000000000000000e+01 2.900000000000000000e+01 0.000000000000000000e+00
