-1.000000000000000000e+00 -1.000000000000000000e+00 4.323500787369667364e-01
-1.000000000000000000e+00 -9.000000000000000222e-01 4.144853354475985796e-01
-1.000000000000000000e+00 -8.000000000000000444e-01 -1.901491639003971557e-02
-1.000000000000000000e+00 -6.999999999999999556e-01 -3.937302847018786522e-01
-1.000000000000000000e+00 -5.999999999999999778e-01 -2.644002339097117904e-01
-1.000000000000000000e+00 -5.000000000000000000e-01 3.577206000080116466e-01
-1.000000000000000000e+00 -3.999999999999999112e-01 8.353271555863881481e-01
-1.000000000000000000e+00 -2.999999999999999334e-01 6.156375222548344794e-01
-1.000000000000000000e+00 -1.999999999999999556e-01 -1.624213644458629702e-01
-1.000000000000000000e+00 -9.999999999999997780e-02 -9.670789475083685360e-01
-1.000000000000000000e+00 0.000000000000000000e+00 -1.314377523066627695e+00
-1.000000000000000000e+00 1.000000000000000888e-01 -9.670771639619948346e-01
-1.000000000000000000e+00 2.000000000000001776e-01 -1.624178193055296759e-01
-1.000000000000000000e+00 3.000000000000000444e-01 6.156425688983508948e-01
-1.000000000000000000e+00 4.000000000000001332e-01 8.353329598109042742e-01
-1.000000000000000000e+00 5.000000000000000000e-01 3.577259671737448854e-01
-1.000000000000000000e+00 6.000000000000000888e-01 -2.643963360937240381e-01
-1.000000000000000000e+00 7.000000000000001776e-01 -3.937281224140285474e-01
-1.000000000000000000e+00 8.000000000000000444e-01 -1.901413375285976315e-02
-1.000000000000000000e+00 9.000000000000001332e-01 4.144852284365079242e-01
-1.000000000000000000e+00 1.000000000000000000e+00 4.323494020683007477e-01
-9.000000000000000222e-01 -1.000000000000000000e+00 2.081107723339954418e-01
-9.000000000000000222e-01 -9.000000000000000222e-01 2.361064208270402531e-01
-9.000000000000000222e-01 -8.000000000000000444e-01 -9.107051445588343341e-02
-9.000000000000000222e-01 -6.999999999999999556e-01 -3.656943478702570083e-01
-9.000000000000000222e-01 -5.999999999999999778e-01 -2.107099040851436733e-01
-9.000000000000000222e-01 -5.000000000000000000e-01 3.532690264597040386e-01
-9.000000000000000222e-01 -3.999999999999999112e-01 7.716676144157554873e-01
-9.000000000000000222e-01 -2.999999999999999334e-01 5.761557508872225952e-01
-9.000000000000000222e-01 -1.999999999999999556e-01 -1.008374539638721146e-01
-9.000000000000000222e-01 -9.999999999999997780e-02 -7.959642929130605893e-01
-9.000000000000000222e-01 0.000000000000000000e+00 -1.094699201786407450e+00
-9.000000000000000222e-01 1.000000000000000888e-01 -7.959625165589283569e-01
-9.000000000000000222e-01 2.000000000000001776e-01 -1.008339188639579831e-01
-9.000000000000000222e-01 3.000000000000000444e-01 5.761607893198728014e-01
-9.000000000000000222e-01 4.000000000000001332e-01 7.716734032684429145e-01
-9.000000000000000222e-01 5.000000000000000000e-01 3.532743511928170266e-01
-9.000000000000000222e-01 6.000000000000000888e-01 -2.107060835184921821e-01
-9.000000000000000222e-01 7.000000000000001776e-01 -3.656922851497794724e-01
-9.000000000000000222e-01 8.000000000000000444e-01 -9.106983200710949689e-02
-9.000000000000000222e-01 9.000000000000001332e-01 2.361062258460417951e-01
-9.000000000000000222e-01 1.000000000000000000e+00 2.081100170988756659e-01
-8.000000000000000444e-01 -1.000000000000000000e+00 2.203458773652728908e-01
-8.000000000000000444e-01 -9.000000000000000222e-01 2.685447064981003606e-01
-8.000000000000000444e-01 -8.000000000000000444e-01 -1.288051023367309256e-02
-8.000000000000000444e-01 -6.999999999999999556e-01 -2.639893307244052245e-01
-8.000000000000000444e-01 -5.999999999999999778e-01 -1.403456251989547710e-01
-8.000000000000000444e-01 -5.000000000000000000e-01 3.481617755054664531e-01
-8.000000000000000444e-01 -3.999999999999999112e-01 6.861974801789048062e-01
-8.000000000000000444e-01 -2.999999999999999334e-01 4.574664460845694336e-01
-8.000000000000000444e-01 -1.999999999999999556e-01 -1.858944682927203829e-01
-8.000000000000000444e-01 -9.999999999999997780e-02 -8.191368362403963488e-01
-8.000000000000000444e-01 0.000000000000000000e+00 -1.084813088971922745e+00
-8.000000000000000444e-01 1.000000000000000888e-01 -8.191351098669255038e-01
-8.000000000000000444e-01 2.000000000000001776e-01 -1.858910167410519065e-01
-8.000000000000000444e-01 3.000000000000000444e-01 4.574714083897450934e-01
-8.000000000000000444e-01 4.000000000000001332e-01 6.862032281772580955e-01
-8.000000000000000444e-01 5.000000000000000000e-01 3.481670446802759833e-01
-8.000000000000000444e-01 6.000000000000000888e-01 -1.403419425947618482e-01
-8.000000000000000444e-01 7.000000000000001776e-01 -2.639874402797888209e-01
-8.000000000000000444e-01 8.000000000000000444e-01 -1.287996208542274701e-02
-8.000000000000000444e-01 9.000000000000001332e-01 2.685444381092176869e-01
-8.000000000000000444e-01 1.000000000000000000e+00 2.203450854162198880e-01
-6.999999999999999556e-01 -1.000000000000000000e+00 3.195216152510980123e-01
-6.999999999999999556e-01 -9.000000000000000222e-01 3.672501476488374550e-01
-6.999999999999999556e-01 -8.000000000000000444e-01 8.456317762705012342e-02
-6.999999999999999556e-01 -6.999999999999999556e-01 -2.141328584605686203e-01
-6.999999999999999556e-01 -5.999999999999999778e-01 -1.601420552312331491e-01
-6.999999999999999556e-01 -5.000000000000000000e-01 3.326093873965508818e-01
-6.999999999999999556e-01 -3.999999999999999112e-01 6.720755332738674870e-01
-6.999999999999999556e-01 -2.999999999999999334e-01 3.839671184264674686e-01
-6.999999999999999556e-01 -1.999999999999999556e-01 -2.737575507440159761e-01
-6.999999999999999556e-01 -9.999999999999997780e-02 -8.688930586079512963e-01
-6.999999999999999556e-01 0.000000000000000000e+00 -1.104822762571942008e+00
-6.999999999999999556e-01 1.000000000000000888e-01 -8.688914753530947443e-01
-6.999999999999999556e-01 2.000000000000001776e-01 -2.737543658649723710e-01
-6.999999999999999556e-01 3.000000000000000444e-01 3.839717713523911335e-01
-6.999999999999999556e-01 4.000000000000001332e-01 6.720810217032393563e-01
-6.999999999999999556e-01 5.000000000000000000e-01 3.326144011558365143e-01
-6.999999999999999556e-01 6.000000000000000888e-01 -1.601386885985742747e-01
-6.999999999999999556e-01 7.000000000000001776e-01 -2.141312523824545622e-01
-6.999999999999999556e-01 8.000000000000000444e-01 8.456357884572529571e-02
-6.999999999999999556e-01 9.000000000000001332e-01 3.672498709534899319e-01
-6.999999999999999556e-01 1.000000000000000000e+00 3.195208853354234435e-01
-5.999999999999999778e-01 -1.000000000000000000e+00 3.817226703256206832e-01
-5.999999999999999778e-01 -9.000000000000000222e-01 4.096873083727459175e-01
-5.999999999999999778e-01 -8.000000000000000444e-01 9.909916841511989816e-02
-5.999999999999999778e-01 -6.999999999999999556e-01 -2.756364830197592930e-01
-5.999999999999999778e-01 -5.999999999999999778e-01 -2.582927593035753144e-01
-5.999999999999999778e-01 -5.000000000000000000e-01 2.866908291560605337e-01
-5.999999999999999778e-01 -3.999999999999999112e-01 6.931492925893358859e-01
-5.999999999999999778e-01 -2.999999999999999334e-01 4.161154212843527489e-01
-5.999999999999999778e-01 -1.999999999999999556e-01 -2.477372447438312975e-01
-5.999999999999999778e-01 -9.999999999999997780e-02 -8.033489921512906307e-01
-5.999999999999999778e-01 0.000000000000000000e+00 -1.006759418354993052e+00
-5.999999999999999778e-01 1.000000000000000888e-01 -8.033476880391350328e-01
-5.999999999999999778e-01 2.000000000000001776e-01 -2.477346143535816836e-01
-5.999999999999999778e-01 3.000000000000000444e-01 4.161193225336918822e-01
-5.999999999999999778e-01 4.000000000000001332e-01 6.931539527494656738e-01
-5.999999999999999778e-01 5.000000000000000000e-01 2.866950422076000038e-01
-5.999999999999999778e-01 6.000000000000000888e-01 -2.582900576623192723e-01
-5.999999999999999778e-01 7.000000000000001776e-01 -2.756352728550992559e-01
-5.999999999999999778e-01 8.000000000000000444e-01 9.909947297268351107e-02
-5.999999999999999778e-01 9.000000000000001332e-01 4.096871500354959394e-01
-5.999999999999999778e-01 1.000000000000000000e+00 3.817221590989925417e-01
-5.000000000000000000e-01 -1.000000000000000000e+00 3.377717825329034085e-01
-5.000000000000000000e-01 -9.000000000000000222e-01 3.268648377574399078e-01
-5.000000000000000000e-01 -8.000000000000000444e-01 4.533913283669921412e-03
-5.000000000000000000e-01 -6.999999999999999556e-01 -3.705737332879701640e-01
-5.000000000000000000e-01 -5.999999999999999778e-01 -3.558537343682890430e-01
-5.000000000000000000e-01 -5.000000000000000000e-01 2.018026188205824523e-01
-5.000000000000000000e-01 -3.999999999999999112e-01 6.646782651421954125e-01
-5.000000000000000000e-01 -2.999999999999999334e-01 4.827084954271789741e-01
-5.000000000000000000e-01 -1.999999999999999556e-01 -8.066069305156586822e-02
-5.000000000000000000e-01 -9.999999999999997780e-02 -5.663682575513142581e-01
-5.000000000000000000e-01 0.000000000000000000e+00 -7.380523666855385301e-01
-5.000000000000000000e-01 1.000000000000000888e-01 -5.663673479529491850e-01
-5.000000000000000000e-01 2.000000000000001776e-01 -8.065887420268635921e-02
-5.000000000000000000e-01 3.000000000000000444e-01 4.827111649221098588e-01
-5.000000000000000000e-01 4.000000000000001332e-01 6.646814096720732312e-01
-5.000000000000000000e-01 5.000000000000000000e-01 2.018053943982547616e-01
-5.000000000000000000e-01 6.000000000000000888e-01 -3.558519989529262961e-01
-5.000000000000000000e-01 7.000000000000001776e-01 -3.705729157389536788e-01
-5.000000000000000000e-01 8.000000000000000444e-01 4.534248263858842165e-03
-5.000000000000000000e-01 9.000000000000001332e-01 3.268649250010291496e-01
-5.000000000000000000e-01 1.000000000000000000e+00 3.377716407965110079e-01
-3.999999999999999112e-01 -1.000000000000000000e+00 2.213082932765408906e-01
-3.999999999999999112e-01 -9.000000000000000222e-01 1.704689691732377277e-01
-3.999999999999999112e-01 -8.000000000000000444e-01 -1.065560538727625683e-01
-3.999999999999999112e-01 -6.999999999999999556e-01 -3.949733515872095868e-01
-3.999999999999999112e-01 -5.999999999999999778e-01 -3.611253842656515500e-01
-3.999999999999999112e-01 -5.000000000000000000e-01 1.121984859361457587e-01
-3.999999999999999112e-01 -3.999999999999999112e-01 5.434063953687153781e-01
-3.999999999999999112e-01 -2.999999999999999334e-01 4.872144417716903764e-01
-3.999999999999999112e-01 -1.999999999999999556e-01 1.055866965047935757e-01
-3.999999999999999112e-01 -9.999999999999997780e-02 -2.630478887590954606e-01
-3.999999999999999112e-01 0.000000000000000000e+00 -4.040695623925580904e-01
-3.999999999999999112e-01 1.000000000000000888e-01 -2.630473736287011199e-01
-3.999999999999999112e-01 2.000000000000001776e-01 1.055877030455985022e-01
-3.999999999999999112e-01 3.000000000000000444e-01 4.872158506077577389e-01
-3.999999999999999112e-01 4.000000000000001332e-01 5.434079720327757990e-01
-3.999999999999999112e-01 5.000000000000000000e-01 1.121998460640878104e-01
-3.999999999999999112e-01 6.000000000000000888e-01 -3.611244605899522897e-01
-3.999999999999999112e-01 7.000000000000001776e-01 -3.949727418644497501e-01
-3.999999999999999112e-01 8.000000000000000444e-01 -1.065555804336488777e-01
-3.999999999999999112e-01 9.000000000000001332e-01 1.704693363963651898e-01
-3.999999999999999112e-01 1.000000000000000000e+00 2.213085548276629844e-01
-2.999999999999999334e-01 -1.000000000000000000e+00 1.274949128027045298e-01
-2.999999999999999334e-01 -9.000000000000000222e-01 6.218176383381668337e-02
-2.999999999999999334e-01 -8.000000000000000444e-01 -1.424690925199667557e-01
-2.999999999999999334e-01 -6.999999999999999556e-01 -3.236514063125466301e-01
-2.999999999999999334e-01 -5.999999999999999778e-01 -2.773538660848967607e-01
-2.999999999999999334e-01 -5.000000000000000000e-01 5.649340314109886629e-02
-2.999999999999999334e-01 -3.999999999999999112e-01 3.802044953140342187e-01
-2.999999999999999334e-01 -2.999999999999999334e-01 4.009114941935214560e-01
-2.999999999999999334e-01 -1.999999999999999556e-01 1.830931003040081606e-01
-2.999999999999999334e-01 -9.999999999999997780e-02 -6.248906869194192915e-02
-2.999999999999999334e-01 0.000000000000000000e+00 -1.674696590367985571e-01
-2.999999999999999334e-01 1.000000000000000888e-01 -6.248883114445114018e-02
-2.999999999999999334e-01 2.000000000000001776e-01 1.830935518873106904e-01
-2.999999999999999334e-01 3.000000000000000444e-01 4.009120956597138630e-01
-2.999999999999999334e-01 4.000000000000001332e-01 3.802051418787494308e-01
-2.999999999999999334e-01 5.000000000000000000e-01 5.649400826598138803e-02
-2.999999999999999334e-01 6.000000000000000888e-01 -2.773532969677682258e-01
-2.999999999999999334e-01 7.000000000000001776e-01 -3.236508190636722126e-01
-2.999999999999999334e-01 8.000000000000000444e-01 -1.424684982138686440e-01
-2.999999999999999334e-01 9.000000000000001332e-01 6.218234294470148527e-02
-2.999999999999999334e-01 1.000000000000000000e+00 1.274954746674439310e-01
-1.999999999999999556e-01 -1.000000000000000000e+00 1.123469479266729909e-01
-1.999999999999999556e-01 -9.000000000000000222e-01 5.928043309506203506e-02
-1.999999999999999556e-01 -8.000000000000000444e-01 -7.385662853140817496e-02
-1.999999999999999556e-01 -6.999999999999999556e-01 -1.842835622182970035e-01
-1.999999999999999556e-01 -5.999999999999999778e-01 -1.565981649415275623e-01
-1.999999999999999556e-01 -5.000000000000000000e-01 3.157384654476860786e-02
-1.999999999999999556e-01 -3.999999999999999112e-01 2.193194988961409408e-01
-1.999999999999999556e-01 -2.999999999999999334e-01 2.416651840291720310e-01
-1.999999999999999556e-01 -1.999999999999999556e-01 1.199442790313394180e-01
-1.999999999999999556e-01 -9.999999999999997780e-02 -2.704477956300110897e-02
-1.999999999999999556e-01 0.000000000000000000e+00 -9.335388368603969589e-02
-1.999999999999999556e-01 1.000000000000000888e-01 -2.704468177352259417e-02
-1.999999999999999556e-01 2.000000000000001776e-01 1.199444649866414636e-01
-1.999999999999999556e-01 3.000000000000000444e-01 2.416654402383240363e-01
-1.999999999999999556e-01 4.000000000000001332e-01 2.193198137291047511e-01
-1.999999999999999556e-01 5.000000000000000000e-01 3.157424000035248535e-02
-1.999999999999999556e-01 6.000000000000000888e-01 -1.565976596857467928e-01
-1.999999999999999556e-01 7.000000000000001776e-01 -1.842829647594083076e-01
-1.999999999999999556e-01 8.000000000000000444e-01 -7.385597492431172917e-02
-1.999999999999999556e-01 9.000000000000001332e-01 5.928112170460919650e-02
-1.999999999999999556e-01 1.000000000000000000e+00 1.123476661539732913e-01
-9.999999999999997780e-02 -1.000000000000000000e+00 1.709419761324602050e-01
-9.999999999999997780e-02 -9.000000000000000222e-01 1.427674176508071380e-01
-9.999999999999997780e-02 -8.000000000000000444e-01 7.319849556343582808e-02
-9.999999999999997780e-02 -6.999999999999999556e-01 5.287899801122764032e-03
-9.999999999999997780e-02 -5.999999999999999778e-01 -1.498069057481188349e-02
-9.999999999999997780e-02 -5.000000000000000000e-01 1.833760387757536400e-02
-9.999999999999997780e-02 -3.999999999999999112e-01 5.072314280810380493e-02
-9.999999999999997780e-02 -2.999999999999999334e-01 2.816021285691250320e-02
-9.999999999999997780e-02 -1.999999999999999556e-01 -4.310775965589952463e-02
-9.999999999999997780e-02 -9.999999999999997780e-02 -1.165938150018147601e-01
-9.999999999999997780e-02 0.000000000000000000e+00 -1.484141585313910605e-01
-9.999999999999997780e-02 1.000000000000000888e-01 -1.165937641598031593e-01
-9.999999999999997780e-02 2.000000000000001776e-01 -4.310765511063496813e-02
-9.999999999999997780e-02 3.000000000000000444e-01 2.816038213226307318e-02
-9.999999999999997780e-02 4.000000000000001332e-01 5.072340224485863414e-02
-9.999999999999997780e-02 5.000000000000000000e-01 1.833797973858955141e-02
-9.999999999999997780e-02 6.000000000000000888e-01 -1.498019583983661862e-02
-9.999999999999997780e-02 7.000000000000001776e-01 5.288493519387871267e-03
-9.999999999999997780e-02 8.000000000000000444e-01 7.319916215787847236e-02
-9.999999999999997780e-02 9.000000000000001332e-01 1.427681388059688361e-01
-9.999999999999997780e-02 1.000000000000000000e+00 1.709427444476864233e-01
0.000000000000000000e+00 -1.000000000000000000e+00 2.711761350144558658e-01
0.000000000000000000e+00 -9.000000000000000222e-01 2.711252470929390035e-01
0.000000000000000000e+00 -8.000000000000000444e-01 2.577830745378952293e-01
0.000000000000000000e+00 -6.999999999999999556e-01 2.150935167254053315e-01
0.000000000000000000e+00 -5.999999999999999778e-01 1.290469481217681458e-01
0.000000000000000000e+00 -5.000000000000000000e-01 5.886378503296455997e-03
0.000000000000000000e+00 -3.999999999999999112e-01 -1.182062472813139448e-01
0.000000000000000000e+00 -2.999999999999999334e-01 -2.065038456961891811e-01
0.000000000000000000e+00 -1.999999999999999556e-01 -2.517947991472729852e-01
0.000000000000000000e+00 -9.999999999999997780e-02 -2.675307800038291828e-01
0.000000000000000000e+00 0.000000000000000000e+00 -2.697063772497769185e-01
0.000000000000000000e+00 1.000000000000000888e-01 -2.675307350487539093e-01
0.000000000000000000e+00 2.000000000000001776e-01 -2.517947021853065848e-01
0.000000000000000000e+00 3.000000000000000444e-01 -2.065036807899840732e-01
0.000000000000000000e+00 4.000000000000001332e-01 -1.182059902620204717e-01
0.000000000000000000e+00 5.000000000000000000e-01 5.886749291386311929e-03
0.000000000000000000e+00 6.000000000000000888e-01 1.290474349598680071e-01
0.000000000000000000e+00 7.000000000000001776e-01 2.150941011860039165e-01
0.000000000000000000e+00 8.000000000000000444e-01 2.577837333096652528e-01
0.000000000000000000e+00 9.000000000000001332e-01 2.711259637304606063e-01
0.000000000000000000e+00 1.000000000000000000e+00 2.711769018072930915e-01
1.000000000000000888e-01 -1.000000000000000000e+00 3.530382166232662877e-01
1.000000000000000888e-01 -9.000000000000000222e-01 3.836322563781217054e-01
1.000000000000000888e-01 -8.000000000000000444e-01 4.333783188537682074e-01
1.000000000000000888e-01 -6.999999999999999556e-01 4.236678386465235757e-01
1.000000000000000888e-01 -5.999999999999999778e-01 2.747971452832531636e-01
1.000000000000000888e-01 -5.000000000000000000e-01 -6.564846870982508388e-03
1.000000000000000888e-01 -3.999999999999999112e-01 -2.888733638693451455e-01
1.000000000000000888e-01 -2.999999999999999334e-01 -4.400155937192211653e-01
1.000000000000000888e-01 -1.999999999999999556e-01 -4.516456234124006652e-01
1.000000000000000888e-01 -9.999999999999997780e-02 -4.027948116344901575e-01
1.000000000000000888e-01 0.000000000000000000e+00 -3.727856296485513310e-01
1.000000000000000888e-01 1.000000000000000888e-01 -4.027947726251576155e-01
1.000000000000000888e-01 2.000000000000001776e-01 -4.516455345828798151e-01
1.000000000000000888e-01 3.000000000000000444e-01 -4.400154342820304931e-01
1.000000000000000888e-01 4.000000000000001332e-01 -2.888731102538850681e-01
1.000000000000000888e-01 5.000000000000000000e-01 -6.564481155816983063e-03
1.000000000000000888e-01 6.000000000000000888e-01 2.747976251654595248e-01
1.000000000000000888e-01 7.000000000000001776e-01 4.236684124759954040e-01
1.000000000000000888e-01 8.000000000000000444e-01 4.333789631265054787e-01
1.000000000000000888e-01 9.000000000000001332e-01 3.836329577261186063e-01
1.000000000000000888e-01 1.000000000000000000e+00 3.530389702432893406e-01
2.000000000000001776e-01 -1.000000000000000000e+00 3.027943858436961122e-01
2.000000000000001776e-01 -9.000000000000000222e-01 3.628207397067682027e-01
2.000000000000001776e-01 -8.000000000000000444e-01 4.925930389877135607e-01
2.000000000000001776e-01 -6.999999999999999556e-01 5.551815327133372557e-01
2.000000000000001776e-01 -5.999999999999999778e-01 3.931087586952421442e-01
2.000000000000001776e-01 -5.000000000000000000e-01 -1.988762123668680326e-02
2.000000000000001776e-01 -3.999999999999999112e-01 -4.346855763651847337e-01
2.000000000000001776e-01 -2.999999999999999334e-01 -5.964662742014344987e-01
2.000000000000001776e-01 -1.999999999999999556e-01 -5.280237846638433652e-01
2.000000000000001776e-01 -9.999999999999997780e-02 -3.891049092601437387e-01
2.000000000000001776e-01 0.000000000000000000e+00 -3.198757730260479715e-01
2.000000000000001776e-01 1.000000000000000888e-01 -3.891049164038067332e-01
2.000000000000001776e-01 2.000000000000001776e-01 -5.280237773475076057e-01
2.000000000000001776e-01 3.000000000000000444e-01 -5.964662037602047606e-01
2.000000000000001776e-01 4.000000000000001332e-01 -4.346853809363619980e-01
2.000000000000001776e-01 5.000000000000000000e-01 -1.988727728911140330e-02
2.000000000000001776e-01 6.000000000000000888e-01 3.931092076092683740e-01
2.000000000000001776e-01 7.000000000000001776e-01 5.551820581803340593e-01
2.000000000000001776e-01 8.000000000000000444e-01 4.925936351929141033e-01
2.000000000000001776e-01 9.000000000000001332e-01 3.628214072882873786e-01
2.000000000000001776e-01 1.000000000000000000e+00 3.027951262088719453e-01
3.000000000000000444e-01 -1.000000000000000000e+00 5.145510041544865132e-02
3.000000000000000444e-01 -9.000000000000000222e-01 1.260214897498230791e-01
3.000000000000000444e-01 -8.000000000000000444e-01 3.420902187843806175e-01
3.000000000000000444e-01 -6.999999999999999556e-01 5.116636991236025445e-01
3.000000000000000444e-01 -5.999999999999999778e-01 4.010000507111812773e-01
3.000000000000000444e-01 -5.000000000000000000e-01 -4.601395286601588086e-02
3.000000000000000444e-01 -3.999999999999999112e-01 -4.853782215050320703e-01
3.000000000000000444e-01 -2.999999999999999334e-01 -5.758278277030171033e-01
3.000000000000000444e-01 -1.999999999999999556e-01 -3.748120584877125960e-01
3.000000000000000444e-01 -9.999999999999997780e-02 -1.219254256370156941e-01
3.000000000000000444e-01 0.000000000000000000e+00 -1.116483627027609060e-02
3.000000000000000444e-01 1.000000000000000888e-01 -1.219255689417186872e-01
3.000000000000000444e-01 2.000000000000001776e-01 -3.748123131053842094e-01
3.000000000000000444e-01 3.000000000000000444e-01 -5.758281021874336325e-01
3.000000000000000444e-01 4.000000000000001332e-01 -4.853783709539761793e-01
3.000000000000000444e-01 5.000000000000000000e-01 -4.601387336992422694e-02
3.000000000000000444e-01 6.000000000000000888e-01 4.010003352951848621e-01
3.000000000000000444e-01 7.000000000000001776e-01 5.116641034061675253e-01
3.000000000000000444e-01 8.000000000000000444e-01 3.420907353509226034e-01
3.000000000000000444e-01 9.000000000000001332e-01 1.260221360149971215e-01
3.000000000000000444e-01 1.000000000000000000e+00 5.145588189472549701e-02
4.000000000000001332e-01 -1.000000000000000000e+00 -3.436450534231756393e-01
4.000000000000001332e-01 -9.000000000000000222e-01 -2.864263317695492361e-01
4.000000000000001332e-01 -8.000000000000000444e-01 2.849806811457966660e-03
4.000000000000001332e-01 -6.999999999999999556e-01 3.053923402598019976e-01
4.000000000000001332e-01 -5.999999999999999778e-01 3.059890640605299472e-01
4.000000000000001332e-01 -5.000000000000000000e-01 -1.051837991930803795e-01
4.000000000000001332e-01 -3.999999999999999112e-01 -4.761942290583437432e-01
4.000000000000001332e-01 -2.999999999999999334e-01 -3.896362407857474341e-01
4.000000000000001332e-01 -1.999999999999999556e-01 2.349348636159209747e-03
4.000000000000001332e-01 -9.999999999999997780e-02 3.804670413772370807e-01
4.000000000000001332e-01 0.000000000000000000e+00 5.254776726454180036e-01
4.000000000000001332e-01 1.000000000000000888e-01 3.804666288624969361e-01
4.000000000000001332e-01 2.000000000000001776e-01 2.348551059543346753e-03
4.000000000000001332e-01 3.000000000000000444e-01 -3.896373218843616204e-01
4.000000000000001332e-01 4.000000000000001332e-01 -4.761953591153949006e-01
4.000000000000001332e-01 5.000000000000000000e-01 -1.051845996882133927e-01
4.000000000000001332e-01 6.000000000000000888e-01 3.059888185010207762e-01
4.000000000000001332e-01 7.000000000000001776e-01 3.053925423078578394e-01
4.000000000000001332e-01 8.000000000000000444e-01 2.850289474563005854e-03
4.000000000000001332e-01 9.000000000000001332e-01 -2.864255944028180068e-01
4.000000000000001332e-01 1.000000000000000000e+00 -3.436440577926198614e-01
5.000000000000000000e-01 -1.000000000000000000e+00 -6.262696870031687624e-01
5.000000000000000000e-01 -9.000000000000000222e-01 -6.144654599777252812e-01
5.000000000000000000e-01 -8.000000000000000444e-01 -2.896863412434189655e-01
5.000000000000000000e-01 -6.999999999999999556e-01 1.116488700894500141e-01
5.000000000000000000e-01 -5.999999999999999778e-01 1.887020596980164555e-01
5.000000000000000000e-01 -5.000000000000000000e-01 -1.993889516331316669e-01
5.000000000000000000e-01 -3.999999999999999112e-01 -4.932281844001429327e-01
5.000000000000000000e-01 -2.999999999999999334e-01 -2.205828628912205325e-01
5.000000000000000000e-01 -1.999999999999999556e-01 3.679632877399052759e-01
5.000000000000000000e-01 -9.999999999999997780e-02 8.552073152857446736e-01
5.000000000000000000e-01 0.000000000000000000e+00 1.026891481954758767e+00
5.000000000000000000e-01 1.000000000000000888e-01 8.552065207569596872e-01
5.000000000000000000e-01 2.000000000000001776e-01 3.679616977305233405e-01
5.000000000000000000e-01 3.000000000000000444e-01 -2.205852056951354001e-01
5.000000000000000000e-01 4.000000000000001332e-01 -4.932309321558123738e-01
5.000000000000000000e-01 5.000000000000000000e-01 -1.993912633452109562e-01
5.000000000000000000e-01 6.000000000000000888e-01 1.887009062010891469e-01
5.000000000000000000e-01 7.000000000000001776e-01 1.116488102977197805e-01
5.000000000000000000e-01 8.000000000000000444e-01 -2.896857193908015660e-01
5.000000000000000000e-01 9.000000000000001332e-01 -6.144643887746448208e-01
5.000000000000000000e-01 1.000000000000000000e+00 -6.262681853042604274e-01
6.000000000000000888e-01 -1.000000000000000000e+00 -4.900827268695442385e-01
6.000000000000000888e-01 -9.000000000000000222e-01 -5.200937128065477033e-01
6.000000000000000888e-01 -8.000000000000000444e-01 -2.112731717386648889e-01
6.000000000000000888e-01 -6.999999999999999556e-01 1.746070145298910248e-01
6.000000000000000888e-01 -5.999999999999999778e-01 1.940929599212297685e-01
6.000000000000000888e-01 -5.000000000000000000e-01 -2.862462574540226012e-01
6.000000000000000888e-01 -3.999999999999999112e-01 -6.273532222181745777e-01
6.000000000000000888e-01 -2.999999999999999334e-01 -3.120278923255179748e-01
6.000000000000000888e-01 -1.999999999999999556e-01 3.642428769531655952e-01
6.000000000000000888e-01 -9.999999999999997780e-02 9.188393278386683960e-01
6.000000000000000888e-01 0.000000000000000000e+00 1.120769382155390126e+00
6.000000000000000888e-01 1.000000000000000888e-01 9.188381512396155415e-01
6.000000000000000888e-01 2.000000000000001776e-01 3.642404954659794747e-01
6.000000000000000888e-01 3.000000000000000444e-01 -3.120314439399738404e-01
6.000000000000000888e-01 4.000000000000001332e-01 -6.273574430095387733e-01
6.000000000000000888e-01 5.000000000000000000e-01 -2.862499072414825263e-01
6.000000000000000888e-01 6.000000000000000888e-01 1.940910198382181928e-01
6.000000000000000888e-01 7.000000000000001776e-01 1.746068133899236763e-01
6.000000000000000888e-01 8.000000000000000444e-01 -2.112722126328501204e-01
6.000000000000000888e-01 9.000000000000001332e-01 -5.200920404905486905e-01
6.000000000000000888e-01 1.000000000000000000e+00 -4.900804534067919604e-01
7.000000000000001776e-01 -1.000000000000000000e+00 1.071860401986626243e-01
7.000000000000001776e-01 -9.000000000000000222e-01 5.698255857581102646e-02
7.000000000000001776e-01 -8.000000000000000444e-01 3.232038466757520823e-01
7.000000000000001776e-01 -6.999999999999999556e-01 5.635385611813825690e-01
7.000000000000001776e-01 -5.999999999999999778e-01 3.754320687875805085e-01
7.000000000000001776e-01 -5.000000000000000000e-01 -3.301677869109642116e-01
7.000000000000001776e-01 -3.999999999999999112e-01 -8.813740942563181857e-01
7.000000000000001776e-01 -2.999999999999999334e-01 -7.249753001535079733e-01
7.000000000000001776e-01 -1.999999999999999556e-01 -1.232855357440900690e-01
7.000000000000001776e-01 -9.999999999999997780e-02 4.572266732583258886e-01
7.000000000000001776e-01 0.000000000000000000e+00 6.922751296733880011e-01
7.000000000000001776e-01 1.000000000000000888e-01 4.572252260381146627e-01
7.000000000000001776e-01 2.000000000000001776e-01 -1.232884509240621540e-01
7.000000000000001776e-01 3.000000000000000444e-01 -7.249795443112638793e-01
7.000000000000001776e-01 4.000000000000001332e-01 -8.813789973133452360e-01
7.000000000000001776e-01 5.000000000000000000e-01 -3.301719573847226585e-01
7.000000000000001776e-01 6.000000000000000888e-01 3.754298758627871990e-01
7.000000000000001776e-01 7.000000000000001776e-01 5.635384688566897893e-01
7.000000000000001776e-01 8.000000000000000444e-01 3.232052739147803777e-01
7.000000000000001776e-01 9.000000000000001332e-01 5.698495395198754920e-02
7.000000000000001776e-01 1.000000000000000000e+00 1.071891694998452493e-01
8.000000000000000444e-01 -1.000000000000000000e+00 9.367009315705239203e-01
8.000000000000000444e-01 -9.000000000000000222e-01 8.820924919627879390e-01
8.000000000000000444e-01 -8.000000000000000444e-01 1.108884901114159938e+00
8.000000000000000444e-01 -6.999999999999999556e-01 1.183191524290220009e+00
8.000000000000000444e-01 -5.999999999999999778e-01 6.895423772254147821e-01
8.000000000000000444e-01 -5.000000000000000000e-01 -3.416991974857599423e-01
8.000000000000000444e-01 -3.999999999999999112e-01 -1.221368730402252245e+00
8.000000000000000444e-01 -2.999999999999999334e-01 -1.360121322143389211e+00
8.000000000000000444e-01 -1.999999999999999556e-01 -8.908234209524152902e-01
8.000000000000000444e-01 -9.999999999999997780e-02 -3.098039267352046267e-01
8.000000000000000444e-01 0.000000000000000000e+00 -4.839734946725737785e-02
8.000000000000000444e-01 1.000000000000000888e-01 -3.098055117359672650e-01
8.000000000000000444e-01 2.000000000000001776e-01 -8.908265788788352069e-01
8.000000000000000444e-01 3.000000000000000444e-01 -1.360125797103187928e+00
8.000000000000000444e-01 4.000000000000001332e-01 -1.221373706289310634e+00
8.000000000000000444e-01 5.000000000000000000e-01 -3.417032885024211541e-01
8.000000000000000444e-01 6.000000000000000888e-01 6.895403496470144944e-01
8.000000000000000444e-01 7.000000000000001776e-01 1.183191742451689787e+00
8.000000000000000444e-01 8.000000000000000444e-01 1.108886846240947577e+00
8.000000000000000444e-01 9.000000000000001332e-01 8.820955802704162352e-01
8.000000000000000444e-01 1.000000000000000000e+00 9.367048435495828329e-01
9.000000000000001332e-01 -1.000000000000000000e+00 1.729500018957502050e+00
9.000000000000001332e-01 -9.000000000000000222e-01 1.686524795056129733e+00
9.000000000000001332e-01 -8.000000000000000444e-01 1.908032039429936155e+00
9.000000000000001332e-01 -6.999999999999999556e-01 1.871068857604154090e+00
9.000000000000001332e-01 -5.999999999999999778e-01 1.098365292184314779e+00
9.000000000000001332e-01 -5.000000000000000000e-01 -3.423562455476287791e-01
9.000000000000001332e-01 -3.999999999999999112e-01 -1.636437362803452977e+00
9.000000000000001332e-01 -2.999999999999999334e-01 -2.056099352564373373e+00
9.000000000000001332e-01 -1.999999999999999556e-01 -1.687786724255034621e+00
9.000000000000001332e-01 -9.999999999999997780e-02 -1.095681678496718270e+00
9.000000000000001332e-01 0.000000000000000000e+00 -8.095709680151994547e-01
9.000000000000001332e-01 1.000000000000000888e-01 -1.095683309348269852e+00
9.000000000000001332e-01 2.000000000000001776e-01 -1.687789940652582921e+00
9.000000000000001332e-01 3.000000000000000444e-01 -2.056103821833253242e+00
9.000000000000001332e-01 4.000000000000001332e-01 -1.636442191726430018e+00
9.000000000000001332e-01 5.000000000000000000e-01 -3.423600598820314977e-01
9.000000000000001332e-01 6.000000000000000888e-01 1.098363606630703426e+00
9.000000000000001332e-01 7.000000000000001776e-01 1.871069498002624787e+00
9.000000000000001332e-01 8.000000000000000444e-01 1.908034513026183099e+00
9.000000000000001332e-01 9.000000000000001332e-01 1.686528504645386839e+00
9.000000000000001332e-01 1.000000000000000000e+00 1.729504600069850184e+00
1.000000000000000000e+00 -1.000000000000000000e+00 2.276309621489227553e+00
1.000000000000000000e+00 -9.000000000000000222e-01 2.270953594592195479e+00
1.000000000000000000e+00 -8.000000000000000444e-01 2.550441429871045607e+00
1.000000000000000000e+00 -6.999999999999999556e-01 2.484453276432981639e+00
1.000000000000000000e+00 -5.999999999999999778e-01 1.494437897586978981e+00
1.000000000000000000e+00 -5.000000000000000000e-01 -3.423432682099940561e-01
1.000000000000000000e+00 -3.999999999999999112e-01 -2.033557713615586238e+00
1.000000000000000000e+00 -2.999999999999999334e-01 -2.672011631865812475e+00
1.000000000000000000e+00 -1.999999999999999556e-01 -2.331718870797171661e+00
1.000000000000000000e+00 -9.999999999999997780e-02 -1.678370707829779818e+00
1.000000000000000000e+00 0.000000000000000000e+00 -1.351893762231595630e+00
1.000000000000000000e+00 1.000000000000000888e-01 -1.678372342695912955e+00
1.000000000000000000e+00 2.000000000000001776e-01 -2.331722074191731942e+00
1.000000000000000000e+00 3.000000000000000444e-01 -2.672016031214692333e+00
1.000000000000000000e+00 4.000000000000001332e-01 -2.033562374206643764e+00
1.000000000000000000e+00 5.000000000000000000e-01 -3.423467939160912965e-01
1.000000000000000000e+00 6.000000000000000888e-01 1.494436612697602751e+00
1.000000000000000000e+00 7.000000000000001776e-01 2.484454401262113699e+00
1.000000000000000000e+00 8.000000000000000444e-01 2.550444445433297069e+00
1.000000000000000000e+00 9.000000000000001332e-01 2.270957882000566030e+00
1.000000000000000000e+00 1.000000000000000000e+00 2.276314795106513245e+00
