-1.000000000000000000e+00 -1.000000000000000000e+00 1.391826064062025026e-01
-1.000000000000000000e+00 -9.000000000000000222e-01 3.994885261408374078e-01
-1.000000000000000000e+00 -8.000000000000000444e-01 3.520157831578440977e-01
-1.000000000000000000e+00 -6.999999999999999556e-01 5.862430060163150713e-01
-1.000000000000000000e+00 -5.999999999999999778e-01 1.935996058440041523e-01
-1.000000000000000000e+00 -5.000000000000000000e-01 -3.413960134353177245e-01
-1.000000000000000000e+00 -3.999999999999999112e-01 2.973380355739996261e-02
-1.000000000000000000e+00 -2.999999999999999334e-01 1.464253362248335577e-02
-1.000000000000000000e+00 -1.999999999999999556e-01 -6.318898350320329982e-01
-1.000000000000000000e+00 -9.999999999999997780e-02 -6.433592296149157619e-01
-1.000000000000000000e+00 0.000000000000000000e+00 -1.666083910485589570e-01
-1.000000000000000000e+00 1.000000000000000888e-01 -6.433645576746549466e-01
-1.000000000000000000e+00 2.000000000000001776e-01 -6.318915205067234808e-01
-1.000000000000000000e+00 3.000000000000000444e-01 1.464574227716219923e-02
-1.000000000000000000e+00 4.000000000000001332e-01 2.973743071910073255e-02
-1.000000000000000000e+00 5.000000000000000000e-01 -3.413967170229755266e-01
-1.000000000000000000e+00 6.000000000000000888e-01 1.935976439399387239e-01
-1.000000000000000000e+00 7.000000000000001776e-01 5.862410344555453179e-01
-1.000000000000000000e+00 8.000000000000000444e-01 3.520157652949782445e-01
-1.000000000000000000e+00 9.000000000000001332e-01 3.994914332991861272e-01
-1.000000000000000000e+00 1.000000000000000000e+00 1.391867622130522619e-01
-9.000000000000000222e-01 -1.000000000000000000e+00 4.985890058387543178e-02
-9.000000000000000222e-01 -9.000000000000000222e-01 3.180051376003190100e-01
-9.000000000000000222e-01 -8.000000000000000444e-01 1.124645132376498324e-01
-9.000000000000000222e-01 -6.999999999999999556e-01 3.341232683236823320e-01
-9.000000000000000222e-01 -5.999999999999999778e-01 1.833791200579593106e-01
-9.000000000000000222e-01 -5.000000000000000000e-01 -1.223480457070611482e-01
-9.000000000000000222e-01 -3.999999999999999112e-01 1.299110760023252098e-01
-9.000000000000000222e-01 -2.999999999999999334e-01 -6.527472484163032718e-02
-9.000000000000000222e-01 -1.999999999999999556e-01 -5.536220326004590575e-01
-9.000000000000000222e-01 -9.999999999999997780e-02 -4.406513828912048680e-01
-9.000000000000000222e-01 0.000000000000000000e+00 1.316756453847283126e-01
-9.000000000000000222e-01 1.000000000000000888e-01 -4.406571409370085846e-01
-9.000000000000000222e-01 2.000000000000001776e-01 -5.536239099884667780e-01
-9.000000000000000222e-01 3.000000000000000444e-01 -6.527175376488347780e-02
-9.000000000000000222e-01 4.000000000000001332e-01 1.299143495940100479e-01
-9.000000000000000222e-01 5.000000000000000000e-01 -1.223493601685568533e-01
-9.000000000000000222e-01 6.000000000000000888e-01 1.833767734411464456e-01
-9.000000000000000222e-01 7.000000000000001776e-01 3.341208874843317744e-01
-9.000000000000000222e-01 8.000000000000000444e-01 1.124644602653068759e-01
-9.000000000000000222e-01 9.000000000000001332e-01 3.180084234305224911e-01
-9.000000000000000222e-01 1.000000000000000000e+00 4.986335235579364422e-02
-8.000000000000000444e-01 -1.000000000000000000e+00 1.356445959313168359e-01
-8.000000000000000444e-01 -9.000000000000000222e-01 3.699145304090674102e-01
-8.000000000000000444e-01 -8.000000000000000444e-01 2.240983983589828199e-01
-8.000000000000000444e-01 -6.999999999999999556e-01 4.332275738179380831e-01
-8.000000000000000444e-01 -5.999999999999999778e-01 1.985453855448129357e-01
-8.000000000000000444e-01 -5.000000000000000000e-01 -1.982847657305681355e-01
-8.000000000000000444e-01 -3.999999999999999112e-01 6.638014579711914998e-02
-8.000000000000000444e-01 -2.999999999999999334e-01 -4.993491638825720003e-02
-8.000000000000000444e-01 -1.999999999999999556e-01 -5.284708719968831403e-01
-8.000000000000000444e-01 -9.999999999999997780e-02 -5.360279962949565657e-01
-8.000000000000000444e-01 0.000000000000000000e+00 -5.108799221132365176e-02
-8.000000000000000444e-01 1.000000000000000888e-01 -5.360336448067108961e-01
-8.000000000000000444e-01 2.000000000000001776e-01 -5.284725662826819104e-01
-8.000000000000000444e-01 3.000000000000000444e-01 -4.993240662331910329e-02
-8.000000000000000444e-01 4.000000000000001332e-01 6.638270362002640645e-02
-8.000000000000000444e-01 5.000000000000000000e-01 -1.982865260567181764e-01
-8.000000000000000444e-01 6.000000000000000888e-01 1.985431885916149053e-01
-8.000000000000000444e-01 7.000000000000001776e-01 4.332252106632763500e-01
-8.000000000000000444e-01 8.000000000000000444e-01 2.240984997074635388e-01
-8.000000000000000444e-01 9.000000000000001332e-01 3.699179313302982663e-01
-8.000000000000000444e-01 1.000000000000000000e+00 1.356487182152701365e-01
-6.999999999999999556e-01 -1.000000000000000000e+00 5.812078219467586848e-02
-6.999999999999999556e-01 -9.000000000000000222e-01 2.137876544703987136e-01
-6.999999999999999556e-01 -8.000000000000000444e-01 2.145338915857806228e-01
-6.999999999999999556e-01 -6.999999999999999556e-01 4.035038055679494029e-01
-6.999999999999999556e-01 -5.999999999999999778e-01 1.386994169524549125e-01
-6.999999999999999556e-01 -5.000000000000000000e-01 -2.347300988448802195e-01
-6.999999999999999556e-01 -3.999999999999999112e-01 3.342245176066716006e-02
-6.999999999999999556e-01 -2.999999999999999334e-01 6.066597250462990587e-02
-6.999999999999999556e-01 -1.999999999999999556e-01 -3.655317170026446405e-01
-6.999999999999999556e-01 -9.999999999999997780e-02 -3.948641385549054306e-01
-6.999999999999999556e-01 0.000000000000000000e+00 -9.461647849322840642e-02
-6.999999999999999556e-01 1.000000000000000888e-01 -3.948680551182048859e-01
-6.999999999999999556e-01 2.000000000000001776e-01 -3.655330127408769059e-01
-6.999999999999999556e-01 3.000000000000000444e-01 6.066797217205888160e-02
-6.999999999999999556e-01 4.000000000000001332e-01 3.342464218371410389e-02
-6.999999999999999556e-01 5.000000000000000000e-01 -2.347309821615610470e-01
-6.999999999999999556e-01 6.000000000000000888e-01 1.386977803568392176e-01
-6.999999999999999556e-01 7.000000000000001776e-01 4.035021566742935661e-01
-6.999999999999999556e-01 8.000000000000000444e-01 2.145340815171623561e-01
-6.999999999999999556e-01 9.000000000000001332e-01 2.137902318799769219e-01
-6.999999999999999556e-01 1.000000000000000000e+00 5.812404614293775751e-02
-5.999999999999999778e-01 -1.000000000000000000e+00 4.163430324069938848e-02
-5.999999999999999778e-01 -9.000000000000000222e-01 1.932369061940866217e-01
-5.999999999999999778e-01 -8.000000000000000444e-01 1.028212663002512350e-01
-5.999999999999999778e-01 -6.999999999999999556e-01 2.272334461343326062e-01
-5.999999999999999778e-01 -5.999999999999999778e-01 1.191875819904109068e-01
-5.999999999999999778e-01 -5.000000000000000000e-01 -7.429558486155506125e-02
-5.999999999999999778e-01 -3.999999999999999112e-01 6.806105107946347488e-02
-5.999999999999999778e-01 -2.999999999999999334e-01 -3.409183084721867374e-02
-5.999999999999999778e-01 -1.999999999999999556e-01 -3.388480577188732745e-01
-5.999999999999999778e-01 -9.999999999999997780e-02 -2.730337681289576324e-01
-5.999999999999999778e-01 0.000000000000000000e+00 3.441127609248173513e-02
-5.999999999999999778e-01 1.000000000000000888e-01 -2.730372970132326493e-01
-5.999999999999999778e-01 2.000000000000001776e-01 -3.388492662707567327e-01
-5.999999999999999778e-01 3.000000000000000444e-01 -3.408989501576931147e-02
-5.999999999999999778e-01 4.000000000000001332e-01 6.806325820075675992e-02
-5.999999999999999778e-01 5.000000000000000000e-01 -7.429620477683777924e-02
-5.999999999999999778e-01 6.000000000000000888e-01 1.191860927174144269e-01
-5.999999999999999778e-01 7.000000000000001776e-01 2.272319556366606541e-01
-5.999999999999999778e-01 8.000000000000000444e-01 1.028213512517859307e-01
-5.999999999999999778e-01 9.000000000000001332e-01 1.932390961801639939e-01
-5.999999999999999778e-01 1.000000000000000000e+00 4.163717805583910803e-02
-5.000000000000000000e-01 -1.000000000000000000e+00 8.175929202789866679e-02
-5.000000000000000000e-01 -9.000000000000000222e-01 2.362227883764149716e-01
-5.000000000000000000e-01 -8.000000000000000444e-01 2.282351410394456437e-02
-5.000000000000000000e-01 -6.999999999999999556e-01 1.026866723732027253e-01
-5.000000000000000000e-01 -5.999999999999999778e-01 1.218765233114176283e-01
-5.000000000000000000e-01 -5.000000000000000000e-01 5.376054074042880410e-02
-5.000000000000000000e-01 -3.999999999999999112e-01 9.124465745110033055e-02
-5.000000000000000000e-01 -2.999999999999999334e-01 -1.472055796401541272e-01
-5.000000000000000000e-01 -1.999999999999999556e-01 -3.598837824625631399e-01
-5.000000000000000000e-01 -9.999999999999997780e-02 -2.325423709199636590e-01
-5.000000000000000000e-01 0.000000000000000000e+00 1.248279308919988395e-01
-5.000000000000000000e-01 1.000000000000000888e-01 -2.325459638054203637e-01
-5.000000000000000000e-01 2.000000000000001776e-01 -3.598849300821029829e-01
-5.000000000000000000e-01 3.000000000000000444e-01 -1.472036627715413992e-01
-5.000000000000000000e-01 4.000000000000001332e-01 9.124686328956954640e-02
-5.000000000000000000e-01 5.000000000000000000e-01 5.375984308174180243e-02
-5.000000000000000000e-01 6.000000000000000888e-01 1.218751204078621919e-01
-5.000000000000000000e-01 7.000000000000001776e-01 1.026852010439782692e-01
-5.000000000000000000e-01 8.000000000000000444e-01 2.282349746494860554e-02
-5.000000000000000000e-01 9.000000000000001332e-01 2.362247926087608363e-01
-5.000000000000000000e-01 1.000000000000000000e+00 8.176188124093286547e-02
-3.999999999999999112e-01 -1.000000000000000000e+00 7.614948210438887699e-02
-3.999999999999999112e-01 -9.000000000000000222e-01 1.905356277189658165e-01
-3.999999999999999112e-01 -8.000000000000000444e-01 1.006456031987035260e-01
-3.999999999999999112e-01 -6.999999999999999556e-01 1.961626787922063908e-01
-3.999999999999999112e-01 -5.999999999999999778e-01 9.954031226111437203e-02
-3.999999999999999112e-01 -5.000000000000000000e-01 -7.572046592757904204e-02
-3.999999999999999112e-01 -3.999999999999999112e-01 3.618065246584745154e-02
-3.999999999999999112e-01 -2.999999999999999334e-01 -4.257198995488042925e-02
-3.999999999999999112e-01 -1.999999999999999556e-01 -2.646023401306063505e-01
-3.999999999999999112e-01 -9.999999999999997780e-02 -2.580753092349143962e-01
-3.999999999999999112e-01 0.000000000000000000e+00 -1.465145287019264941e-02
-3.999999999999999112e-01 1.000000000000000888e-01 -2.580781632759379107e-01
-3.999999999999999112e-01 2.000000000000001776e-01 -2.646031406114919271e-01
-3.999999999999999112e-01 3.000000000000000444e-01 -4.257060780992594218e-02
-3.999999999999999112e-01 4.000000000000001332e-01 3.618210818749956204e-02
-3.999999999999999112e-01 5.000000000000000000e-01 -7.572122212746304482e-02
-3.999999999999999112e-01 6.000000000000000888e-01 9.953930951666556393e-02
-3.999999999999999112e-01 7.000000000000001776e-01 1.961615685423521160e-01
-3.999999999999999112e-01 8.000000000000000444e-01 1.006457302045964397e-01
-3.999999999999999112e-01 9.000000000000001332e-01 1.905373880309650936e-01
-3.999999999999999112e-01 1.000000000000000000e+00 7.615155585806876459e-02
-2.999999999999999334e-01 -1.000000000000000000e+00 2.935909166029304629e-02
-2.999999999999999334e-01 -9.000000000000000222e-01 8.073092428638384277e-02
-2.999999999999999334e-01 -8.000000000000000444e-01 1.464469429298185243e-01
-2.999999999999999334e-01 -6.999999999999999556e-01 2.359680772950870642e-01
-2.999999999999999334e-01 -5.999999999999999778e-01 6.014262777041590180e-02
-2.999999999999999334e-01 -5.000000000000000000e-01 -1.574386622745259090e-01
-2.999999999999999334e-01 -3.999999999999999112e-01 -9.729903233844372501e-03
-2.999999999999999334e-01 -2.999999999999999334e-01 7.079713790300146137e-02
-2.999999999999999334e-01 -1.999999999999999556e-01 -1.355440700997356807e-01
-2.999999999999999334e-01 -9.999999999999997780e-02 -1.945895277317777339e-01
-2.999999999999999334e-01 0.000000000000000000e+00 -1.170199200359876013e-01
-2.999999999999999334e-01 1.000000000000000888e-01 -1.945909105594321176e-01
-2.999999999999999334e-01 2.000000000000001776e-01 -1.355445187818837827e-01
-2.999999999999999334e-01 3.000000000000000444e-01 7.079785351277001482e-02
-2.999999999999999334e-01 4.000000000000001332e-01 -9.729178820614303724e-03
-2.999999999999999334e-01 5.000000000000000000e-01 -1.574389818711488254e-01
-2.999999999999999334e-01 6.000000000000000888e-01 6.014205433018138258e-02
-2.999999999999999334e-01 7.000000000000001776e-01 2.359675203038333891e-01
-2.999999999999999334e-01 8.000000000000000444e-01 1.464471769933815004e-01
-2.999999999999999334e-01 9.000000000000001332e-01 8.073212367065796258e-02
-2.999999999999999334e-01 1.000000000000000000e+00 2.936055504963563934e-02
-1.999999999999999556e-01 -1.000000000000000000e+00 2.995260113673525737e-02
-1.999999999999999556e-01 -9.000000000000000222e-01 7.784486508403865024e-02
-1.999999999999999556e-01 -8.000000000000000444e-01 4.448762857644728008e-02
-1.999999999999999556e-01 -6.999999999999999556e-01 8.262227992476312011e-02
-1.999999999999999556e-01 -5.999999999999999778e-01 4.499861265764865115e-02
-1.999999999999999556e-01 -5.000000000000000000e-01 -2.158643152575577193e-02
-1.999999999999999556e-01 -3.999999999999999112e-01 1.857143241666558975e-02
-1.999999999999999556e-01 -2.999999999999999334e-01 -2.150967924595537095e-02
-1.999999999999999556e-01 -1.999999999999999556e-01 -1.240009022111168147e-01
-1.999999999999999556e-01 -9.999999999999997780e-02 -1.031546377192436026e-01
-1.999999999999999556e-01 0.000000000000000000e+00 -2.081389489044793706e-03
-1.999999999999999556e-01 1.000000000000000888e-01 -1.031557807753908929e-01
-1.999999999999999556e-01 2.000000000000001776e-01 -1.240012839239954534e-01
-1.999999999999999556e-01 3.000000000000000444e-01 -2.150903113797442145e-02
-1.999999999999999556e-01 4.000000000000001332e-01 1.857217553781348451e-02
-1.999999999999999556e-01 5.000000000000000000e-01 -2.158660289511779920e-02
-1.999999999999999556e-01 6.000000000000000888e-01 4.499816334301792731e-02
-1.999999999999999556e-01 7.000000000000001776e-01 8.262183712864401564e-02
-1.999999999999999556e-01 8.000000000000000444e-01 4.448772216229524012e-02
-1.999999999999999556e-01 9.000000000000001332e-01 7.784567730587199641e-02
-1.999999999999999556e-01 1.000000000000000000e+00 2.995365597887822418e-02
-9.999999999999997780e-02 -1.000000000000000000e+00 3.369516032714481302e-02
-9.999999999999997780e-02 -9.000000000000000222e-01 8.203811590272636067e-02
-9.999999999999997780e-02 -8.000000000000000444e-01 -5.683024892362420477e-02
-9.999999999999997780e-02 -6.999999999999999556e-01 -6.219711753393086795e-02
-9.999999999999997780e-02 -5.999999999999999778e-01 3.145849471571848799e-02
-9.999999999999997780e-02 -5.000000000000000000e-01 1.023103466602212491e-01
-9.999999999999997780e-02 -3.999999999999999112e-01 4.675733711573543117e-02
-9.999999999999997780e-02 -2.999999999999999334e-01 -1.105901199402443136e-01
-9.999999999999997780e-02 -1.999999999999999556e-01 -1.151608967943359429e-01
-9.999999999999997780e-02 -9.999999999999997780e-02 -2.474281364998864863e-02
-9.999999999999997780e-02 0.000000000000000000e+00 1.122242466940437389e-01
-9.999999999999997780e-02 1.000000000000000888e-01 -2.474386955763774321e-02
-9.999999999999997780e-02 2.000000000000001776e-01 -1.151612165165227797e-01
-9.999999999999997780e-02 3.000000000000000444e-01 -1.105895136872622198e-01
-9.999999999999997780e-02 4.000000000000001332e-01 4.675809814774259388e-02
-9.999999999999997780e-02 5.000000000000000000e-01 1.023102247821639499e-01
-9.999999999999997780e-02 6.000000000000000888e-01 3.145816360116016064e-02
-9.999999999999997780e-02 7.000000000000001776e-01 -6.219748294796412225e-02
-9.999999999999997780e-02 8.000000000000000444e-01 -5.683029508869608115e-02
-9.999999999999997780e-02 9.000000000000001332e-01 8.203859149326764300e-02
-9.999999999999997780e-02 1.000000000000000000e+00 3.369581093602336264e-02
0.000000000000000000e+00 -1.000000000000000000e+00 -4.662350491035915923e-03
0.000000000000000000e+00 -9.000000000000000222e-01 -5.780962562093663881e-03
0.000000000000000000e+00 -8.000000000000000444e-01 -3.892967815089520833e-03
0.000000000000000000e+00 -6.999999999999999556e-01 -1.919176730941468678e-03
0.000000000000000000e+00 -5.999999999999999778e-01 -2.946599091208756960e-03
0.000000000000000000e+00 -5.000000000000000000e-01 -3.906724436242885005e-03
0.000000000000000000e+00 -3.999999999999999112e-01 5.501458496594002767e-04
0.000000000000000000e+00 -2.999999999999999334e-01 5.584363502772082821e-03
0.000000000000000000e+00 -1.999999999999999556e-01 5.237879033292314190e-03
0.000000000000000000e+00 -9.999999999999997780e-02 4.690948311812158031e-03
0.000000000000000000e+00 0.000000000000000000e+00 4.176375905823148660e-03
0.000000000000000000e+00 1.000000000000000888e-01 4.690961738463603203e-03
0.000000000000000000e+00 2.000000000000001776e-01 5.237884732262498844e-03
0.000000000000000000e+00 3.000000000000000444e-01 5.584361165061367711e-03
0.000000000000000000e+00 4.000000000000001332e-01 5.501590386327304127e-04
0.000000000000000000e+00 5.000000000000000000e-01 -3.906672585786308272e-03
0.000000000000000000e+00 6.000000000000000888e-01 -2.946530688327897440e-03
0.000000000000000000e+00 7.000000000000001776e-01 -1.919093254523349633e-03
0.000000000000000000e+00 8.000000000000000444e-01 -3.892890924359473925e-03
0.000000000000000000e+00 9.000000000000001332e-01 -5.780911893217430264e-03
0.000000000000000000e+00 1.000000000000000000e+00 -4.662305619161255521e-03
1.000000000000000888e-01 -1.000000000000000000e+00 -1.973059029802159969e-02
1.000000000000000888e-01 -9.000000000000000222e-01 -6.997145751475131181e-02
1.000000000000000888e-01 -8.000000000000000444e-01 6.659258614229657258e-02
1.000000000000000888e-01 -6.999999999999999556e-01 6.729276646473636436e-02
1.000000000000000888e-01 -5.999999999999999778e-01 -2.910065363911334968e-02
1.000000000000000888e-01 -5.000000000000000000e-01 -1.025044358622922147e-01
1.000000000000000888e-01 -3.999999999999999112e-01 -5.256623424535181166e-02
1.000000000000000888e-01 -2.999999999999999334e-01 1.012309751459598561e-01
1.000000000000000888e-01 -1.999999999999999556e-01 1.049674157450178891e-01
1.000000000000000888e-01 -9.999999999999997780e-02 1.270352494769788620e-02
1.000000000000000888e-01 0.000000000000000000e+00 -1.268712290885948279e-01
1.000000000000000888e-01 1.000000000000000888e-01 1.270461200662720280e-02
1.000000000000000888e-01 2.000000000000001776e-01 1.049677549669109089e-01
1.000000000000000888e-01 3.000000000000000444e-01 1.012303732043887128e-01
1.000000000000000888e-01 4.000000000000001332e-01 -5.256697059753118184e-02
1.000000000000000888e-01 5.000000000000000000e-01 -1.025042257467769086e-01
1.000000000000000888e-01 6.000000000000000888e-01 -2.910019687266837685e-02
1.000000000000000888e-01 7.000000000000001776e-01 6.729328923455318856e-02
1.000000000000000888e-01 8.000000000000000444e-01 6.659280886012397538e-02
1.000000000000000888e-01 9.000000000000001332e-01 -6.997177707840251948e-02
1.000000000000000888e-01 1.000000000000000000e+00 -1.973109908138637181e-02
2.000000000000001776e-01 -1.000000000000000000e+00 1.418216088416368592e-02
2.000000000000001776e-01 -9.000000000000000222e-01 -3.754906706487992629e-02
2.000000000000001776e-01 -8.000000000000000444e-01 -1.607388991921276933e-02
2.000000000000001776e-01 -6.999999999999999556e-01 -6.593639496392944555e-02
2.000000000000001776e-01 -5.999999999999999778e-01 -3.195192526821849510e-02
2.000000000000001776e-01 -5.000000000000000000e-01 2.951165899843020621e-02
2.000000000000001776e-01 -3.999999999999999112e-01 -3.172384737127159626e-02
2.000000000000001776e-01 -2.999999999999999334e-01 -1.168268540955674784e-02
2.000000000000001776e-01 -1.999999999999999556e-01 8.703136139801537219e-02
2.000000000000001776e-01 -9.999999999999997780e-02 6.498695712924429380e-02
2.000000000000001776e-01 0.000000000000000000e+00 -3.701114828037854743e-02
2.000000000000001776e-01 1.000000000000000888e-01 6.498813881608866971e-02
2.000000000000001776e-01 2.000000000000001776e-01 8.703177310606924344e-02
2.000000000000001776e-01 3.000000000000000444e-01 -1.168332000645200264e-02
2.000000000000001776e-01 4.000000000000001332e-01 -3.172456761745601206e-02
2.000000000000001776e-01 5.000000000000000000e-01 2.951190418785185413e-02
2.000000000000001776e-01 6.000000000000000888e-01 -3.195136475103926843e-02
2.000000000000001776e-01 7.000000000000001776e-01 -6.593580388952458016e-02
2.000000000000001776e-01 8.000000000000000444e-01 -1.607378274955117980e-02
2.000000000000001776e-01 9.000000000000001332e-01 -3.754966134694570634e-02
2.000000000000001776e-01 1.000000000000000000e+00 1.418131533709288128e-02
3.000000000000000444e-01 -1.000000000000000000e+00 2.474758348786032514e-02
3.000000000000000444e-01 -9.000000000000000222e-01 -2.835162490181453165e-02
3.000000000000000444e-01 -8.000000000000000444e-01 -1.025667977704458611e-01
3.000000000000000444e-01 -6.999999999999999556e-01 -2.129623131872759867e-01
3.000000000000000444e-01 -5.999999999999999778e-01 -4.438683359028883224e-02
3.000000000000000444e-01 -5.000000000000000000e-01 1.669961288940249311e-01
3.000000000000000444e-01 -3.999999999999999112e-01 -9.589346224837869137e-03
3.000000000000000444e-01 -2.999999999999999334e-01 -1.129360763058100403e-01
3.000000000000000444e-01 -1.999999999999999556e-01 9.125716992759014268e-02
3.000000000000000444e-01 -9.999999999999997780e-02 1.445373218379997216e-01
3.000000000000000444e-01 0.000000000000000000e+00 5.750766381838756658e-02
3.000000000000000444e-01 1.000000000000000888e-01 1.445387515039877613e-01
3.000000000000000444e-01 2.000000000000001776e-01 9.125764377335832123e-02
3.000000000000000444e-01 3.000000000000000444e-01 -1.129367902948823499e-01
3.000000000000000444e-01 4.000000000000001332e-01 -9.590053329509351521e-03
3.000000000000000444e-01 5.000000000000000000e-01 1.669965210424361468e-01
3.000000000000000444e-01 6.000000000000000888e-01 -4.438614372221605375e-02
3.000000000000000444e-01 7.000000000000001776e-01 -2.129615993963174247e-01
3.000000000000000444e-01 8.000000000000000444e-01 -1.025668088554811952e-01
3.000000000000000444e-01 9.000000000000001332e-01 -2.835258236096516171e-02
3.000000000000000444e-01 1.000000000000000000e+00 2.474634760315241877e-02
4.000000000000001332e-01 -1.000000000000000000e+00 -5.332091018605433774e-02
4.000000000000001332e-01 -9.000000000000000222e-01 -1.800366277959368766e-01
4.000000000000001332e-01 -8.000000000000000444e-01 -8.424683490871354152e-02
4.000000000000001332e-01 -6.999999999999999556e-01 -1.784855819309572045e-01
4.000000000000001332e-01 -5.999999999999999778e-01 -9.910474252580681043e-02
4.000000000000001332e-01 -5.000000000000000000e-01 5.903536103067139745e-02
4.000000000000001332e-01 -3.999999999999999112e-01 -4.654133484719735758e-02
4.000000000000001332e-01 -2.999999999999999334e-01 4.548619766289663247e-02
4.000000000000001332e-01 -1.999999999999999556e-01 2.577832646620410451e-01
4.000000000000001332e-01 -9.999999999999997780e-02 2.403370868746743660e-01
4.000000000000001332e-01 0.000000000000000000e+00 -1.336002270205494113e-02
4.000000000000001332e-01 1.000000000000000888e-01 2.403400172915031163e-01
4.000000000000001332e-01 2.000000000000001776e-01 2.577840404333699986e-01
4.000000000000001332e-01 3.000000000000000444e-01 4.548468512619074922e-02
4.000000000000001332e-01 4.000000000000001332e-01 -4.654289681070755691e-02
4.000000000000001332e-01 5.000000000000000000e-01 5.903621745726434639e-02
4.000000000000001332e-01 6.000000000000000888e-01 -9.910355145715676883e-02
4.000000000000001332e-01 7.000000000000001776e-01 -1.784842036150049438e-01
4.000000000000001332e-01 8.000000000000000444e-01 -8.424670442665549430e-02
4.000000000000001332e-01 9.000000000000001332e-01 -1.800382289096278399e-01
4.000000000000001332e-01 1.000000000000000000e+00 -5.332283822479322311e-02
5.000000000000000000e-01 -1.000000000000000000e+00 6.381553747338397642e-03
5.000000000000000000e-01 -9.000000000000000222e-01 -1.682371796285515586e-01
5.000000000000000000e-01 -8.000000000000000444e-01 4.017074500828243799e-02
5.000000000000000000e-01 -6.999999999999999556e-01 -5.153194028288732298e-02
5.000000000000000000e-01 -5.999999999999999778e-01 -1.002098259492345544e-01
5.000000000000000000e-01 -5.000000000000000000e-01 -6.308436164420169745e-02
5.000000000000000000e-01 -3.999999999999999112e-01 -1.206517689254416048e-01
5.000000000000000000e-01 -2.999999999999999334e-01 1.085845545665526934e-01
5.000000000000000000e-01 -1.999999999999999556e-01 3.036465241337817922e-01
5.000000000000000000e-01 -9.999999999999997780e-02 1.559058147001959327e-01
5.000000000000000000e-01 0.000000000000000000e+00 -2.180211756525061162e-01
5.000000000000000000e-01 1.000000000000000888e-01 1.559095455172458955e-01
5.000000000000000000e-01 2.000000000000001776e-01 3.036476607372708969e-01
5.000000000000000000e-01 3.000000000000000444e-01 1.085824388673166663e-01
5.000000000000000000e-01 4.000000000000001332e-01 -1.206542053818773219e-01
5.000000000000000000e-01 5.000000000000000000e-01 -6.308362738881136134e-02
5.000000000000000000e-01 6.000000000000000888e-01 -1.002082278758511524e-01
5.000000000000000000e-01 7.000000000000001776e-01 -5.153014575768555261e-02
5.000000000000000000e-01 8.000000000000000444e-01 4.017115299679963059e-02
5.000000000000000000e-01 9.000000000000001332e-01 -1.682388542213213434e-01
5.000000000000000000e-01 1.000000000000000000e+00 6.379272080430098413e-03
6.000000000000000888e-01 -1.000000000000000000e+00 1.816068987059571427e-01
6.000000000000000888e-01 -9.000000000000000222e-01 4.627524375885094798e-03
6.000000000000000888e-01 -8.000000000000000444e-01 5.437292531567727849e-02
6.000000000000000888e-01 -6.999999999999999556e-01 -1.191700234302248695e-01
6.000000000000000888e-01 -5.999999999999999778e-01 -4.746116265374489274e-02
6.000000000000000888e-01 -5.000000000000000000e-01 1.028225069459965113e-01
6.000000000000000888e-01 -3.999999999999999112e-01 -1.334004577591716423e-01
6.000000000000000888e-01 -2.999999999999999334e-01 -1.136592052973619538e-01
6.000000000000000888e-01 -1.999999999999999556e-01 1.627365665961311159e-01
6.000000000000000888e-01 -9.999999999999997780e-02 7.420022282796523427e-02
6.000000000000000888e-01 0.000000000000000000e+00 -2.507844975090529616e-01
6.000000000000000888e-01 1.000000000000000888e-01 7.420395583616290480e-02
6.000000000000000888e-01 2.000000000000001776e-01 1.627378416481541912e-01
6.000000000000000888e-01 3.000000000000000444e-01 -1.136612810172406007e-01
6.000000000000000888e-01 4.000000000000001332e-01 -1.334029019424372020e-01
6.000000000000000888e-01 5.000000000000000000e-01 1.028230787342084146e-01
6.000000000000000888e-01 6.000000000000000888e-01 -4.745955725590245144e-02
6.000000000000000888e-01 7.000000000000001776e-01 -1.191682582337860730e-01
6.000000000000000888e-01 8.000000000000000444e-01 5.437335953435695757e-02
6.000000000000000888e-01 9.000000000000001332e-01 4.625975676562532612e-03
6.000000000000000888e-01 1.000000000000000000e+00 1.816046652462750544e-01
7.000000000000001776e-01 -1.000000000000000000e+00 2.385141114273530150e-01
7.000000000000001776e-01 -9.000000000000000222e-01 6.715640806660339024e-02
7.000000000000001776e-01 -8.000000000000000444e-01 2.624336609121247221e-02
7.000000000000001776e-01 -6.999999999999999556e-01 -2.602187750223978746e-01
7.000000000000001776e-01 -5.999999999999999778e-01 -4.016140079308683219e-02
7.000000000000001776e-01 -5.000000000000000000e-01 2.896706255720605250e-01
7.000000000000001776e-01 -3.999999999999999112e-01 -1.305513382963554569e-01
7.000000000000001776e-01 -2.999999999999999334e-01 -2.793258815942385453e-01
7.000000000000001776e-01 -1.999999999999999556e-01 1.247232878167139347e-01
7.000000000000001776e-01 -9.999999999999997780e-02 1.189590004895570985e-01
7.000000000000001776e-01 0.000000000000000000e+00 -2.312344595922821711e-01
7.000000000000001776e-01 1.000000000000000888e-01 1.189631578306560300e-01
7.000000000000001776e-01 2.000000000000001776e-01 1.247246528775893815e-01
7.000000000000001776e-01 3.000000000000000444e-01 -2.793280183473720868e-01
7.000000000000001776e-01 4.000000000000001332e-01 -1.305537795833002779e-01
7.000000000000001776e-01 5.000000000000000000e-01 2.896714156315368105e-01
7.000000000000001776e-01 6.000000000000000888e-01 -4.015968105989875525e-02
7.000000000000001776e-01 7.000000000000001776e-01 -2.602168653379077767e-01
7.000000000000001776e-01 8.000000000000000444e-01 2.624381479836479514e-02
7.000000000000001776e-01 9.000000000000001332e-01 6.715469346342484158e-02
7.000000000000001776e-01 1.000000000000000000e+00 2.385117249989940902e-01
8.000000000000000444e-01 -1.000000000000000000e+00 7.682203893038508369e-02
8.000000000000000444e-01 -9.000000000000000222e-01 -1.880846478732758342e-01
8.000000000000000444e-01 -8.000000000000000444e-01 -8.694320141667333246e-02
8.000000000000000444e-01 -6.999999999999999556e-01 -3.371339960166124250e-01
8.000000000000000444e-01 -5.999999999999999778e-01 -1.292483671677782109e-01
8.000000000000000444e-01 -5.000000000000000000e-01 2.389295738244098521e-01
8.000000000000000444e-01 -3.999999999999999112e-01 -1.203675534118928692e-01
8.000000000000000444e-01 -2.999999999999999334e-01 -9.169543275413483130e-02
8.000000000000000444e-01 -1.999999999999999556e-01 3.656169501151049772e-01
8.000000000000000444e-01 -9.999999999999997780e-02 3.534042969413784263e-01
8.000000000000000444e-01 0.000000000000000000e+00 -1.501360058802969633e-01
8.000000000000000444e-01 1.000000000000000888e-01 3.534100759030378569e-01
8.000000000000000444e-01 2.000000000000001776e-01 3.656184792024452790e-01
8.000000000000000444e-01 3.000000000000000444e-01 -9.169842185865872963e-02
8.000000000000000444e-01 4.000000000000001332e-01 -1.203707490234176003e-01
8.000000000000000444e-01 5.000000000000000000e-01 2.389311185755892686e-01
8.000000000000000444e-01 6.000000000000000888e-01 -1.292460827660677491e-01
8.000000000000000444e-01 7.000000000000001776e-01 -3.371312528734855540e-01
8.000000000000000444e-01 8.000000000000000444e-01 -8.694259299502959948e-02
8.000000000000000444e-01 9.000000000000001332e-01 -1.880871223876061649e-01
8.000000000000000444e-01 1.000000000000000000e+00 7.681901533581747543e-02
9.000000000000001332e-01 -1.000000000000000000e+00 4.492530291897214312e-01
9.000000000000001332e-01 -9.000000000000000222e-01 1.326246532694144165e-01
9.000000000000001332e-01 -8.000000000000000444e-01 2.106862963049982440e-01
9.000000000000001332e-01 -6.999999999999999556e-01 -1.160362118799374009e-01
9.000000000000001332e-01 -5.999999999999999778e-01 6.406385795214575296e-03
9.000000000000001332e-01 -5.000000000000000000e-01 2.647573530413321330e-01
9.000000000000001332e-01 -3.999999999999999112e-01 -2.477443808125889824e-01
9.000000000000001332e-01 -2.999999999999999334e-01 -3.149916244848660618e-01
9.000000000000001332e-01 -1.999999999999999556e-01 1.266998474494434035e-01
9.000000000000001332e-01 -9.999999999999997780e-02 -4.605645255199242172e-03
9.000000000000001332e-01 0.000000000000000000e+00 -5.888590369243402733e-01
9.000000000000001332e-01 1.000000000000000888e-01 -4.599576939339655723e-03
9.000000000000001332e-01 2.000000000000001776e-01 1.267017100971505883e-01
9.000000000000001332e-01 3.000000000000000444e-01 -3.149950907328697980e-01
9.000000000000001332e-01 4.000000000000001332e-01 -2.477487334635419813e-01
9.000000000000001332e-01 5.000000000000000000e-01 2.647578188659835408e-01
9.000000000000001332e-01 6.000000000000000888e-01 6.408341513797211064e-03
9.000000000000001332e-01 7.000000000000001776e-01 -1.160337302996556907e-01
9.000000000000001332e-01 8.000000000000000444e-01 2.106874244635585924e-01
9.000000000000001332e-01 9.000000000000001332e-01 1.326233184315839253e-01
9.000000000000001332e-01 1.000000000000000000e+00 4.492509088652969496e-01
1.000000000000000000e+00 -1.000000000000000000e+00 9.136951186636057543e-01
1.000000000000000000e+00 -9.000000000000000222e-01 5.815052878542070758e-01
1.000000000000000000e+00 -8.000000000000000444e-01 3.625418615199418326e-01
1.000000000000000000e+00 -6.999999999999999556e-01 -1.231670717558079886e-01
1.000000000000000000e+00 -5.999999999999999778e-01 2.169652390985290502e-01
1.000000000000000000e+00 -5.000000000000000000e-01 6.506514962874772046e-01
1.000000000000000000e+00 -3.999999999999999112e-01 -2.930694600254994953e-01
1.000000000000000000e+00 -2.999999999999999334e-01 -8.494618878013771024e-01
1.000000000000000000e+00 -1.999999999999999556e-01 -3.028042409704259086e-01
1.000000000000000000e+00 -9.999999999999997780e-02 -3.119216920687772898e-01
1.000000000000000000e+00 0.000000000000000000e+00 -8.045636652285601542e-01
1.000000000000000000e+00 1.000000000000000888e-01 -3.119156264275249058e-01
1.000000000000000000e+00 2.000000000000001776e-01 -3.028020686903998282e-01
1.000000000000000000e+00 3.000000000000000444e-01 -8.494651897980540767e-01
1.000000000000000000e+00 4.000000000000001332e-01 -2.930742378106483415e-01
1.000000000000000000e+00 5.000000000000000000e-01 6.506507495132869412e-01
1.000000000000000000e+00 6.000000000000000888e-01 2.169661518560022095e-01
1.000000000000000000e+00 7.000000000000001776e-01 -1.231654820938627992e-01
1.000000000000000000e+00 8.000000000000000444e-01 3.625433868213105981e-01
1.000000000000000000e+00 9.000000000000001332e-01 5.815056964661291516e-01
1.000000000000000000e+00 1.000000000000000000e+00 9.136948409357756873e-01
