0.000000000000000000e+00 0.000000000000000000e+00 0.000000000000000000e+00
0.000000000000000000e+00 1.000000000000000000e+00 0.000000000000000000e+00
0.000000000000000000e+00 2.000000000000000000e+00 0.000000000000000000e+00
0.000000000000000000e+00 3.000000000000000000e+00 0.000000000000000000e+00
0.000000000000000000e+00 4.000000000000000000e+00 0.000000000000000000e+00
0.000000000000000000e+00 5.000000000000000000e+00 0.000000000000000000e+00
0.000000000000000000e+00 6.000000000000000000e+00 0.000000000000000000e+00
0.000000000000000000e+00 7.000000000000000000e+00 0.000000000000000000e+00
0.000000000000000000e+00 8.000000000000000000e+00 0.000000000000000000e+00
0.000000000000000000e+00 9.000000000000000000e+00 0.000000000000000000e+00
0.000000000000000000e+00 1.000000000000000000e+01 0.000000000000000000e+00
0.000000000000000000e+00 1.100000000000000000e+01 0.000000000000000000e+00
0.000000000000000000e+00 1.200000000000000000e+01 0.000000000000000000e+00
0.000000000000000000e+00 1.300000000000000000e+01 0.000000000000000000e+00
0.000000000000000000e+00 1.400000000000000000e+01 0.000000000000000000e+00
0.000000000000000000e+00 1.500000000000000000e+01 0.000000000000000000e+00
0.000000000000000000e+00 1.600000000000000000e+01 0.000000000000000000e+00
0.000000000000000000e+00 1.700000000000000000e+01 0.000000000000000000e+00
0.000000000000000000e+00 1.800000000000000000e+01 0.000000000000000000e+00
0.000000000000000000e+00 1.900000000000000000e+01 0.000000000000000000e+00
0.000000000000000000e+00 2.000000000000000000e+01 0.000000000000000000e+00
0.000000000000000000e+00 2.100000000000000000e+01 0.000000000000000000e+00
0.000000000000000000e+00 2.200000000000000000e+01 0.000000000000000000e+00
0.000000000000000000e+00 2.300000000000000000e+01 0.000000000000000000e+00
0.000000000000000000e+00 2.400000000000000000e+01 0.000000000000000000e+00
0.000000000000000000e+00 2.500000000000000000e+01 0.000000000000000000e+00
0.000000000000000000e+00 2.600000000000000000e+01 0.000000000000000000e+00
0.000000000000000000e+00 2.700000000000000000e+01 0.000000000000000000e+00
0.000000000000000000e+00 2.800000000000000000e+01 0.000000000000000000e+00
0.000000000000000000e+00 2.900000000000000000e+01 0.000000000000000000e+00
1.000000000000000000e+00 0.000000000000000000e+00 0.000000000000000000e+00
1.000000000000000000e+00 1.000000000000000000e+00 0.000000000000000000e+00
1.000000000000000000e+00 2.000000000000000000e+00 0.000000000000000000e+00
1.000000000000000000e+00 3.000000000000000000e+00 0.000000000000000000e+00
1.000000000000000000e+00 4.000000000000000000e+00 0.000000000000000000e+00
1.000000000000000000e+00 5.000000000000000000e+00 0.000000000000000000e+00
1.000000000000000000e+00 6.000000000000000000e+00 0.000000000000000000e+00
1.000000000000000000e+00 7.000000000000000000e+00 0.000000000000000000e+00
1.000000000000000000e+00 8.000000000000000000e+00 0.000000000000000000e+00
1.000000000000000000e+00 9.000000000000000000e+00 0.000000000000000000e+00
1.000000000000000000e+00 1.000000000000000000e+01 2.539455969596815521e-05
1.000000000000000000e+00 1.100000000000000000e+01 2.163217007393747338e-04
1.000000000000000000e+00 1.200000000000000000e+01 5.761838077629199972e-04
1.000000000000000000e+00 1.300000000000000000e+01 9.635002693517691341e-04
1.000000000000000000e+00 1.400000000000000000e+01 1.210581771494467773e-03
1.000000000000000000e+00 1.500000000000000000e+01 1.210581771494467773e-03
1.000000000000000000e+00 1.600000000000000000e+01 9.635002693517691341e-04
1.000000000000000000e+00 1.700000000000000000e+01 5.761838077629199972e-04
1.000000000000000000e+00 1.800000000000000000e+01 2.163217007393747338e-04
1.000000000000000000e+00 1.900000000000000000e+01 2.539455969596815521e-05
1.000000000000000000e+00 2.000000000000000000e+01 0.000000000000000000e+00
1.000000000000000000e+00 2.100000000000000000e+01 0.000000000000000000e+00
1.000000000000000000e+00 2.200000000000000000e+01 0.000000000000000000e+00
1.000000000000000000e+00 2.300000000000000000e+01 0.000000000000000000e+00
1.000000000000000000e+00 2.400000000000000000e+01 0.000000000000000000e+00
1.000000000000000000e+00 2.500000000000000000e+01 0.000000000000000000e+00
1.000000000000000000e+00 2.600000000000000000e+01 0.000000000000000000e+00
1.000000000000000000e+00 2.700000000000000000e+01 0.000000000000000000e+00
1.000000000000000000e+00 2.800000000000000000e+01 0.000000000000000000e+00
1.000000000000000000e+00 2.900000000000000000e+01 0.000000000000000000e+00
2.000000000000000000e+00 0.000000000000000000e+00 0.000000000000000000e+00
2.000000000000000000e+00 1.000000000000000000e+00 0.000000000000000000e+00
2.000000000000000000e+00 2.000000000000000000e+00 0.000000000000000000e+00
2.000000000000000000e+00 3.000000000000000000e+00 0.000000000000000000e+00
2.000000000000000000e+00 4.000000000000000000e+00 0.000000000000000000e+00
2.000000000000000000e+00 5.000000000000000000e+00 0.000000000000000000e+00
2.000000000000000000e+00 6.000000000000000000e+00 0.000000000000000000e+00
2.000000000000000000e+00 7.000000000000000000e+00 0.000000000000000000e+00
2.000000000000000000e+00 8.000000000000000000e+00 8.915394740682813790e-05
2.000000000000000000e+00 9.000000000000000000e+00 7.530729901565891282e-04
2.000000000000000000e+00 1.000000000000000000e+01 2.203687708311807825e-03
2.000000000000000000e+00 1.100000000000000000e+01 4.239321037362575595e-03
2.000000000000000000e+00 1.200000000000000000e+01 6.421370359106948200e-03
2.000000000000000000e+00 1.300000000000000000e+01 8.243127010454154302e-03
2.000000000000000000e+00 1.400000000000000000e+01 9.275633125385596145e-03
2.000000000000000000e+00 1.500000000000000000e+01 9.275633125385596145e-03
2.000000000000000000e+00 1.600000000000000000e+01 8.243127010454154302e-03
2.000000000000000000e+00 1.700000000000000000e+01 6.421370359106948200e-03
2.000000000000000000e+00 1.800000000000000000e+01 4.239321037362575595e-03
2.000000000000000000e+00 1.900000000000000000e+01 2.203687708311807825e-03
2.000000000000000000e+00 2.000000000000000000e+01 7.530729901565891282e-04
2.000000000000000000e+00 2.100000000000000000e+01 8.915394740682813790e-05
2.000000000000000000e+00 2.200000000000000000e+01 0.000000000000000000e+00
2.000000000000000000e+00 2.300000000000000000e+01 0.000000000000000000e+00
2.000000000000000000e+00 2.400000000000000000e+01 0.000000000000000000e+00
2.000000000000000000e+00 2.500000000000000000e+01 0.000000000000000000e+00
2.000000000000000000e+00 2.600000000000000000e+01 0.000000000000000000e+00
2.000000000000000000e+00 2.700000000000000000e+01 0.000000000000000000e+00
2.000000000000000000e+00 2.800000000000000000e+01 0.000000000000000000e+00
2.000000000000000000e+00 2.900000000000000000e+01 0.000000000000000000e+00
3.000000000000000000e+00 0.000000000000000000e+00 0.000000000000000000e+00
3.000000000000000000e+00 1.000000000000000000e+00 0.000000000000000000e+00
3.000000000000000000e+00 2.000000000000000000e+00 0.000000000000000000e+00
3.000000000000000000e+00 3.000000000000000000e+00 0.000000000000000000e+00
3.000000000000000000e+00 4.000000000000000000e+00 0.000000000000000000e+00
3.000000000000000000e+00 5.000000000000000000e+00 0.000000000000000000e+00
3.000000000000000000e+00 6.000000000000000000e+00 1.033375291159543963e-05
3.000000000000000000e+00 7.000000000000000000e+00 5.761838077615877296e-04
3.000000000000000000e+00 8.000000000000000000e+00 2.629590612044818698e-03
3.000000000000000000e+00 9.000000000000000000e+00 6.421370359106948200e-03
3.000000000000000000e+00 1.000000000000000000e+01 1.160381875246985217e-02
3.000000000000000000e+00 1.100000000000000000e+01 1.742941153474131255e-02
3.000000000000000000e+00 1.200000000000000000e+01 2.295951932132545004e-02
3.000000000000000000e+00 1.300000000000000000e+01 2.726855099466107824e-02
3.000000000000000000e+00 1.400000000000000000e+01 2.962440871137661524e-02
3.000000000000000000e+00 1.500000000000000000e+01 2.962440871137661524e-02
3.000000000000000000e+00 1.600000000000000000e+01 2.726855099466107824e-02
3.000000000000000000e+00 1.700000000000000000e+01 2.295951932132545004e-02
3.000000000000000000e+00 1.800000000000000000e+01 1.742941153474131255e-02
3.000000000000000000e+00 1.900000000000000000e+01 1.160381875246985217e-02
3.000000000000000000e+00 2.000000000000000000e+01 6.421370359106948200e-03
3.000000000000000000e+00 2.100000000000000000e+01 2.629590612044818698e-03
3.000000000000000000e+00 2.200000000000000000e+01 5.761838077629199972e-04
3.000000000000000000e+00 2.300000000000000000e+01 1.033375291159543963e-05
3.000000000000000000e+00 2.400000000000000000e+01 0.000000000000000000e+00
3.000000000000000000e+00 2.500000000000000000e+01 0.000000000000000000e+00
3.000000000000000000e+00 2.600000000000000000e+01 0.000000000000000000e+00
3.000000000000000000e+00 2.700000000000000000e+01 0.000000000000000000e+00
3.000000000000000000e+00 2.800000000000000000e+01 0.000000000000000000e+00
3.000000000000000000e+00 2.900000000000000000e+01 0.000000000000000000e+00
4.000000000000000000e+00 0.000000000000000000e+00 0.000000000000000000e+00
4.000000000000000000e+00 1.000000000000000000e+00 0.000000000000000000e+00
4.000000000000000000e+00 2.000000000000000000e+00 0.000000000000000000e+00
4.000000000000000000e+00 3.000000000000000000e+00 0.000000000000000000e+00
4.000000000000000000e+00 4.000000000000000000e+00 0.000000000000000000e+00
4.000000000000000000e+00 5.000000000000000000e+00 5.075048450464691996e-05
4.000000000000000000e+00 6.000000000000000000e+00 1.210581771495355952e-03
4.000000000000000000e+00 7.000000000000000000e+00 4.898258236643027175e-03
4.000000000000000000e+00 8.000000000000000000e+00 1.160381875246985217e-02
4.000000000000000000e+00 9.000000000000000000e+00 2.099647062441745149e-02
4.000000000000000000e+00 1.000000000000000000e+01 3.212126246517033046e-02
4.000000000000000000e+00 1.100000000000000000e+01 4.362491125251399815e-02
4.000000000000000000e+00 1.200000000000000000e+01 5.400163070109975649e-02
4.000000000000000000e+00 1.300000000000000000e+01 6.184167067440915488e-02
4.000000000000000000e+00 1.400000000000000000e+01 6.605739627215645449e-02
4.000000000000000000e+00 1.500000000000000000e+01 6.605739627215645449e-02
4.000000000000000000e+00 1.600000000000000000e+01 6.184167067440915488e-02
4.000000000000000000e+00 1.700000000000000000e+01 5.400163070109975649e-02
4.000000000000000000e+00 1.800000000000000000e+01 4.362491125251399815e-02
4.000000000000000000e+00 1.900000000000000000e+01 3.212126246517033046e-02
4.000000000000000000e+00 2.000000000000000000e+01 2.099647062441833967e-02
4.000000000000000000e+00 2.100000000000000000e+01 1.160381875246985217e-02
4.000000000000000000e+00 2.200000000000000000e+01 4.898258236643027175e-03
4.000000000000000000e+00 2.300000000000000000e+01 1.210581771495355952e-03
4.000000000000000000e+00 2.400000000000000000e+01 5.075048450464691996e-05
4.000000000000000000e+00 2.500000000000000000e+01 0.000000000000000000e+00
4.000000000000000000e+00 2.600000000000000000e+01 0.000000000000000000e+00
4.000000000000000000e+00 2.700000000000000000e+01 0.000000000000000000e+00
4.000000000000000000e+00 2.800000000000000000e+01 0.000000000000000000e+00
4.000000000000000000e+00 2.900000000000000000e+01 0.000000000000000000e+00
5.000000000000000000e+00 0.000000000000000000e+00 0.000000000000000000e+00
5.000000000000000000e+00 1.000000000000000000e+00 0.000000000000000000e+00
5.000000000000000000e+00 2.000000000000000000e+00 0.000000000000000000e+00
5.000000000000000000e+00 3.000000000000000000e+00 0.000000000000000000e+00
5.000000000000000000e+00 4.000000000000000000e+00 5.075048450464691996e-05
5.000000000000000000e+00 5.000000000000000000e+00 1.497484709918950330e-03
5.000000000000000000e+00 6.000000000000000000e+00 6.421370359106948200e-03
5.000000000000000000e+00 7.000000000000000000e+00 1.581614361142391623e-02
5.000000000000000000e+00 8.000000000000000000e+00 2.962440871137728138e-02
5.000000000000000000e+00 9.000000000000000000e+00 4.690756445146859743e-02
5.000000000000000000e+00 1.000000000000000000e+01 6.605739627215656551e-02
5.000000000000000000e+00 1.100000000000000000e+01 8.504993670526095340e-02
5.000000000000000000e+00 1.200000000000000000e+01 1.017341621553510267e-01
5.000000000000000000e+00 1.300000000000000000e+01 1.141362030845847197e-01
5.000000000000000000e+00 1.400000000000000000e+01 1.207463184159487390e-01
5.000000000000000000e+00 1.500000000000000000e+01 1.207463184159487390e-01
5.000000000000000000e+00 1.600000000000000000e+01 1.141362030845847197e-01
5.000000000000000000e+00 1.700000000000000000e+01 1.017341621553510267e-01
5.000000000000000000e+00 1.800000000000000000e+01 8.504993670526095340e-02
5.000000000000000000e+00 1.900000000000000000e+01 6.605739627215656551e-02
5.000000000000000000e+00 2.000000000000000000e+01 4.690756445146848641e-02
5.000000000000000000e+00 2.100000000000000000e+01 2.962440871137728138e-02
5.000000000000000000e+00 2.200000000000000000e+01 1.581614361142458236e-02
5.000000000000000000e+00 2.300000000000000000e+01 6.421370359106948200e-03
5.000000000000000000e+00 2.400000000000000000e+01 1.497484709918950330e-03
5.000000000000000000e+00 2.500000000000000000e+01 5.075048450464691996e-05
5.000000000000000000e+00 2.600000000000000000e+01 0.000000000000000000e+00
5.000000000000000000e+00 2.700000000000000000e+01 0.000000000000000000e+00
5.000000000000000000e+00 2.800000000000000000e+01 0.000000000000000000e+00
5.000000000000000000e+00 2.900000000000000000e+01 0.000000000000000000e+00
6.000000000000000000e+00 0.000000000000000000e+00 0.000000000000000000e+00
6.000000000000000000e+00 1.000000000000000000e+00 0.000000000000000000e+00
6.000000000000000000e+00 2.000000000000000000e+00 0.000000000000000000e+00
6.000000000000000000e+00 3.000000000000000000e+00 1.033375291159543963e-05
6.000000000000000000e+00 4.000000000000000000e+00 1.210581771495355952e-03
6.000000000000000000e+00 5.000000000000000000e+00 6.421370359106948200e-03
6.000000000000000000e+00 6.000000000000000000e+00 1.742941153474131255e-02
6.000000000000000000e+00 7.000000000000000000e+00 3.476433340042328624e-02
6.000000000000000000e+00 8.000000000000000000e+00 5.782525262883897454e-02
6.000000000000000000e+00 9.000000000000000000e+00 8.504993670526095340e-02
6.000000000000000000e+00 1.000000000000000000e+01 1.141362030845847197e-01
6.000000000000000000e+00 1.100000000000000000e+01 1.423219614150980084e-01
6.000000000000000000e+00 1.200000000000000000e+01 1.667213580522719507e-01
6.000000000000000000e+00 1.300000000000000000e+01 1.846980232988510995e-01
6.000000000000000000e+00 1.400000000000000000e+01 1.942341370679098178e-01
6.000000000000000000e+00 1.500000000000000000e+01 1.942341370679098178e-01
6.000000000000000000e+00 1.600000000000000000e+01 1.846980232988510995e-01
6.000000000000000000e+00 1.700000000000000000e+01 1.667213580522719507e-01
6.000000000000000000e+00 1.800000000000000000e+01 1.423219614150980084e-01
6.000000000000000000e+00 1.900000000000000000e+01 1.141362030845847197e-01
6.000000000000000000e+00 2.000000000000000000e+01 8.504993670526106442e-02
6.000000000000000000e+00 2.100000000000000000e+01 5.782525262883897454e-02
6.000000000000000000e+00 2.200000000000000000e+01 3.476433340042439646e-02
6.000000000000000000e+00 2.300000000000000000e+01 1.742941153474131255e-02
6.000000000000000000e+00 2.400000000000000000e+01 6.421370359106948200e-03
6.000000000000000000e+00 2.500000000000000000e+01 1.210581771494467773e-03
6.000000000000000000e+00 2.600000000000000000e+01 1.033375291159543963e-05
6.000000000000000000e+00 2.700000000000000000e+01 0.000000000000000000e+00
6.000000000000000000e+00 2.800000000000000000e+01 0.000000000000000000e+00
6.000000000000000000e+00 2.900000000000000000e+01 0.000000000000000000e+00
7.000000000000000000e+00 0.000000000000000000e+00 0.000000000000000000e+00
7.000000000000000000e+00 1.000000000000000000e+00 0.000000000000000000e+00
7.000000000000000000e+00 2.000000000000000000e+00 0.000000000000000000e+00
7.000000000000000000e+00 3.000000000000000000e+00 5.761838077615877296e-04
7.000000000000000000e+00 4.000000000000000000e+00 4.898258236643027175e-03
7.000000000000000000e+00 5.000000000000000000e+00 1.581614361142391623e-02
7.000000000000000000e+00 6.000000000000000000e+00 3.476433340042328624e-02
7.000000000000000000e+00 7.000000000000000000e+00 6.184167067440915488e-02
7.000000000000000000e+00 8.000000000000000000e+00 9.592509019590489405e-02
7.000000000000000000e+00 9.000000000000000000e+00 1.348297373798065246e-01
7.000000000000000000e+00 1.000000000000000000e+01 1.755310983280656267e-01
7.000000000000000000e+00 1.100000000000000000e+01 2.144644497299764141e-01
7.000000000000000000e+00 1.200000000000000000e+01 2.479092771456180566e-01
7.000000000000000000e+00 1.300000000000000000e+01 2.724457663386620210e-01
7.000000000000000000e+00 1.400000000000000000e+01 2.854350614689891152e-01
7.000000000000000000e+00 1.500000000000000000e+01 2.854350614689891152e-01
7.000000000000000000e+00 1.600000000000000000e+01 2.724457663386620210e-01
7.000000000000000000e+00 1.700000000000000000e+01 2.479092771456184452e-01
7.000000000000000000e+00 1.800000000000000000e+01 2.144644497299764141e-01
7.000000000000000000e+00 1.900000000000000000e+01 1.755310983280656267e-01
7.000000000000000000e+00 2.000000000000000000e+01 1.348297373798065246e-01
7.000000000000000000e+00 2.100000000000000000e+01 9.592509019590489405e-02
7.000000000000000000e+00 2.200000000000000000e+01 6.184167067440959897e-02
7.000000000000000000e+00 2.300000000000000000e+01 3.476433340042328624e-02
7.000000000000000000e+00 2.400000000000000000e+01 1.581614361142391623e-02
7.000000000000000000e+00 2.500000000000000000e+01 4.898258236642361041e-03
7.000000000000000000e+00 2.600000000000000000e+01 5.761838077615877296e-04
7.000000000000000000e+00 2.700000000000000000e+01 0.000000000000000000e+00
7.000000000000000000e+00 2.800000000000000000e+01 0.000000000000000000e+00
7.000000000000000000e+00 2.900000000000000000e+01 0.000000000000000000e+00
8.000000000000000000e+00 0.000000000000000000e+00 0.000000000000000000e+00
8.000000000000000000e+00 1.000000000000000000e+00 0.000000000000000000e+00
8.000000000000000000e+00 2.000000000000000000e+00 8.915394740682813790e-05
8.000000000000000000e+00 3.000000000000000000e+00 2.629590612044818698e-03
8.000000000000000000e+00 4.000000000000000000e+00 1.160381875246985217e-02
8.000000000000000000e+00 5.000000000000000000e+00 2.962440871137728138e-02
8.000000000000000000e+00 6.000000000000000000e+00 5.782525262883897454e-02
8.000000000000000000e+00 7.000000000000000000e+00 9.592509019590489405e-02
8.000000000000000000e+00 8.000000000000000000e+00 1.423219614150980084e-01
8.000000000000000000e+00 9.000000000000000000e+00 1.942341370679097068e-01
8.000000000000000000e+00 1.000000000000000000e+01 2.479092771456184452e-01
8.000000000000000000e+00 1.100000000000000000e+01 2.989288431251008182e-01
8.000000000000000000e+00 1.200000000000000000e+01 3.426331254190382314e-01
8.000000000000000000e+00 1.300000000000000000e+01 3.746719609209934188e-01
8.000000000000000000e+00 1.400000000000000000e+01 3.916345635219735666e-01
8.000000000000000000e+00 1.500000000000000000e+01 3.916345635219735666e-01
8.000000000000000000e+00 1.600000000000000000e+01 3.746719609209934188e-01
8.000000000000000000e+00 1.700000000000000000e+01 3.426331254190383979e-01
8.000000000000000000e+00 1.800000000000000000e+01 2.989288431251008182e-01
8.000000000000000000e+00 1.900000000000000000e+01 2.479092771456184452e-01
8.000000000000000000e+00 2.000000000000000000e+01 1.942341370679098178e-01
8.000000000000000000e+00 2.100000000000000000e+01 1.423219614150980084e-01
8.000000000000000000e+00 2.200000000000000000e+01 9.592509019590500507e-02
8.000000000000000000e+00 2.300000000000000000e+01 5.782525262883897454e-02
8.000000000000000000e+00 2.400000000000000000e+01 2.962440871137728138e-02
8.000000000000000000e+00 2.500000000000000000e+01 1.160381875247029626e-02
8.000000000000000000e+00 2.600000000000000000e+01 2.629590612044818698e-03
8.000000000000000000e+00 2.700000000000000000e+01 8.915394740682813790e-05
8.000000000000000000e+00 2.800000000000000000e+01 0.000000000000000000e+00
8.000000000000000000e+00 2.900000000000000000e+01 0.000000000000000000e+00
9.000000000000000000e+00 0.000000000000000000e+00 0.000000000000000000e+00
9.000000000000000000e+00 1.000000000000000000e+00 0.000000000000000000e+00
9.000000000000000000e+00 2.000000000000000000e+00 7.530729901565891282e-04
9.000000000000000000e+00 3.000000000000000000e+00 6.421370359106948200e-03
9.000000000000000000e+00 4.000000000000000000e+00 2.099647062441745149e-02
9.000000000000000000e+00 5.000000000000000000e+00 4.690756445146859743e-02
9.000000000000000000e+00 6.000000000000000000e+00 8.504993670526095340e-02
9.000000000000000000e+00 7.000000000000000000e+00 1.348297373798065246e-01
9.000000000000000000e+00 8.000000000000000000e+00 1.942341370679097068e-01
9.000000000000000000e+00 9.000000000000000000e+00 2.599428921526601433e-01
9.000000000000000000e+00 1.000000000000000000e+01 3.275071517431631385e-01
9.000000000000000000e+00 1.100000000000000000e+01 3.916345635219735666e-01
9.000000000000000000e+00 1.200000000000000000e+01 4.466314424077491574e-01
9.000000000000000000e+00 1.300000000000000000e+01 4.870453302292864217e-01
9.000000000000000000e+00 1.400000000000000000e+01 5.084894097684911074e-01
9.000000000000000000e+00 1.500000000000000000e+01 5.084894097684911074e-01
9.000000000000000000e+00 1.600000000000000000e+01 4.870453302292864217e-01
9.000000000000000000e+00 1.700000000000000000e+01 4.466314424077494349e-01
9.000000000000000000e+00 1.800000000000000000e+01 3.916345635219735666e-01
9.000000000000000000e+00 1.900000000000000000e+01 3.275071517431631385e-01
9.000000000000000000e+00 2.000000000000000000e+01 2.599428921526601433e-01
9.000000000000000000e+00 2.100000000000000000e+01 1.942341370679097068e-01
9.000000000000000000e+00 2.200000000000000000e+01 1.348297373798059695e-01
9.000000000000000000e+00 2.300000000000000000e+01 8.504993670526095340e-02
9.000000000000000000e+00 2.400000000000000000e+01 4.690756445146859743e-02
9.000000000000000000e+00 2.500000000000000000e+01 2.099647062441811762e-02
9.000000000000000000e+00 2.600000000000000000e+01 6.421370359106948200e-03
9.000000000000000000e+00 2.700000000000000000e+01 7.530729901565891282e-04
9.000000000000000000e+00 2.800000000000000000e+01 0.000000000000000000e+00
9.000000000000000000e+00 2.900000000000000000e+01 0.000000000000000000e+00
1.000000000000000000e+01 0.000000000000000000e+00 0.000000000000000000e+00
1.000000000000000000e+01 1.000000000000000000e+00 2.539455969596815521e-05
1.000000000000000000e+01 2.000000000000000000e+00 2.203687708311807825e-03
1.000000000000000000e+01 3.000000000000000000e+00 1.160381875246985217e-02
1.000000000000000000e+01 4.000000000000000000e+00 3.212126246517033046e-02
1.000000000000000000e+01 5.000000000000000000e+00 6.605739627215656551e-02
1.000000000000000000e+01 6.000000000000000000e+00 1.141362030845847197e-01
1.000000000000000000e+01 7.000000000000000000e+00 1.755310983280656267e-01
1.000000000000000000e+01 8.000000000000000000e+00 2.479092771456184452e-01
1.000000000000000000e+01 9.000000000000000000e+00 3.275071517431631385e-01
1.000000000000000000e+01 1.000000000000000000e+01 4.092619803926213495e-01
1.000000000000000000e+01 1.100000000000000000e+01 4.870453302292864217e-01
1.000000000000000000e+01 1.200000000000000000e+01 5.540755886658235152e-01
1.000000000000000000e+01 1.300000000000000000e+01 6.036159215827193725e-01
1.000000000000000000e+01 1.400000000000000000e+01 6.300277356071014578e-01
1.000000000000000000e+01 1.500000000000000000e+01 6.300277356071014578e-01
1.000000000000000000e+01 1.600000000000000000e+01 6.036159215827193725e-01
1.000000000000000000e+01 1.700000000000000000e+01 5.540755886658237372e-01
1.000000000000000000e+01 1.800000000000000000e+01 4.870453302292864217e-01
1.000000000000000000e+01 1.900000000000000000e+01 4.092619803926213495e-01
1.000000000000000000e+01 2.000000000000000000e+01 3.275071517431628054e-01
1.000000000000000000e+01 2.100000000000000000e+01 2.479092771456184452e-01
1.000000000000000000e+01 2.200000000000000000e+01 1.755310983280659598e-01
1.000000000000000000e+01 2.300000000000000000e+01 1.141362030845847197e-01
1.000000000000000000e+01 2.400000000000000000e+01 6.605739627215656551e-02
1.000000000000000000e+01 2.500000000000000000e+01 3.212126246517055250e-02
1.000000000000000000e+01 2.600000000000000000e+01 1.160381875246985217e-02
1.000000000000000000e+01 2.700000000000000000e+01 2.203687708311807825e-03
1.000000000000000000e+01 2.800000000000000000e+01 2.539455969641224442e-05
1.000000000000000000e+01 2.900000000000000000e+01 0.000000000000000000e+00
1.100000000000000000e+01 0.000000000000000000e+00 0.000000000000000000e+00
1.100000000000000000e+01 1.000000000000000000e+00 2.163217007393747338e-04
1.100000000000000000e+01 2.000000000000000000e+00 4.239321037362575595e-03
1.100000000000000000e+01 3.000000000000000000e+00 1.742941153474131255e-02
1.100000000000000000e+01 4.000000000000000000e+00 4.362491125251399815e-02
1.100000000000000000e+01 5.000000000000000000e+00 8.504993670526095340e-02
1.100000000000000000e+01 6.000000000000000000e+00 1.423219614150980084e-01
1.100000000000000000e+01 7.000000000000000000e+00 2.144644497299764141e-01
1.100000000000000000e+01 8.000000000000000000e+00 2.989288431251008182e-01
1.100000000000000000e+01 9.000000000000000000e+00 3.916345635219735666e-01
1.100000000000000000e+01 1.000000000000000000e+01 4.870453302292864217e-01
1.100000000000000000e+01 1.100000000000000000e+01 5.783216527501836568e-01
1.100000000000000000e+01 1.200000000000000000e+01 6.576363852338572569e-01
1.100000000000000000e+01 1.300000000000000000e+01 7.168280257952704959e-01
1.100000000000000000e+01 1.400000000000000000e+01 7.486492449502240021e-01
1.100000000000000000e+01 1.500000000000000000e+01 7.486492449502240021e-01
1.100000000000000000e+01 1.600000000000000000e+01 7.168280257952704959e-01
1.100000000000000000e+01 1.700000000000000000e+01 6.576363852338573679e-01
1.100000000000000000e+01 1.800000000000000000e+01 5.783216527501836568e-01
1.100000000000000000e+01 1.900000000000000000e+01 4.870453302292864217e-01
1.100000000000000000e+01 2.000000000000000000e+01 3.916345635219733445e-01
1.100000000000000000e+01 2.100000000000000000e+01 2.989288431251008182e-01
1.100000000000000000e+01 2.200000000000000000e+01 2.144644497299768582e-01
1.100000000000000000e+01 2.300000000000000000e+01 1.423219614150980084e-01
1.100000000000000000e+01 2.400000000000000000e+01 8.504993670526095340e-02
1.100000000000000000e+01 2.500000000000000000e+01 4.362491125251510837e-02
1.100000000000000000e+01 2.600000000000000000e+01 1.742941153474131255e-02
1.100000000000000000e+01 2.700000000000000000e+01 4.239321037362575595e-03
1.100000000000000000e+01 2.800000000000000000e+01 2.163217007384865553e-04
1.100000000000000000e+01 2.900000000000000000e+01 0.000000000000000000e+00
1.200000000000000000e+01 0.000000000000000000e+00 0.000000000000000000e+00
1.200000000000000000e+01 1.000000000000000000e+00 5.761838077629199972e-04
1.200000000000000000e+01 2.000000000000000000e+00 6.421370359106948200e-03
1.200000000000000000e+01 3.000000000000000000e+00 2.295951932132545004e-02
1.200000000000000000e+01 4.000000000000000000e+00 5.400163070109975649e-02
1.200000000000000000e+01 5.000000000000000000e+00 1.017341621553510267e-01
1.200000000000000000e+01 6.000000000000000000e+00 1.667213580522719507e-01
1.200000000000000000e+01 7.000000000000000000e+00 2.479092771456180566e-01
1.200000000000000000e+01 8.000000000000000000e+00 3.426331254190382314e-01
1.200000000000000000e+01 9.000000000000000000e+00 4.466314424077491574e-01
1.200000000000000000e+01 1.000000000000000000e+01 5.540755886658235152e-01
1.200000000000000000e+01 1.100000000000000000e+01 6.576363852338572569e-01
1.200000000000000000e+01 1.200000000000000000e+01 7.486492449502241131e-01
1.200000000000000000e+01 1.300000000000000000e+01 8.175584365288190991e-01
1.200000000000000000e+01 1.400000000000000000e+01 8.551258774178743804e-01
1.200000000000000000e+01 1.500000000000000000e+01 8.551258774178743804e-01
1.200000000000000000e+01 1.600000000000000000e+01 8.175584365288190991e-01
1.200000000000000000e+01 1.700000000000000000e+01 7.486492449502243351e-01
1.200000000000000000e+01 1.800000000000000000e+01 6.576363852338572569e-01
1.200000000000000000e+01 1.900000000000000000e+01 5.540755886658235152e-01
1.200000000000000000e+01 2.000000000000000000e+01 4.466314424077491574e-01
1.200000000000000000e+01 2.100000000000000000e+01 3.426331254190382314e-01
1.200000000000000000e+01 2.200000000000000000e+01 2.479092771456184452e-01
1.200000000000000000e+01 2.300000000000000000e+01 1.667213580522719507e-01
1.200000000000000000e+01 2.400000000000000000e+01 1.017341621553510267e-01
1.200000000000000000e+01 2.500000000000000000e+01 5.400163070110042263e-02
1.200000000000000000e+01 2.600000000000000000e+01 2.295951932132545004e-02
1.200000000000000000e+01 2.700000000000000000e+01 6.421370359106948200e-03
1.200000000000000000e+01 2.800000000000000000e+01 5.761838077620318188e-04
1.200000000000000000e+01 2.900000000000000000e+01 0.000000000000000000e+00
1.300000000000000000e+01 0.000000000000000000e+00 0.000000000000000000e+00
1.300000000000000000e+01 1.000000000000000000e+00 9.635002693517691341e-04
1.300000000000000000e+01 2.000000000000000000e+00 8.243127010454154302e-03
1.300000000000000000e+01 3.000000000000000000e+00 2.726855099466107824e-02
1.300000000000000000e+01 4.000000000000000000e+00 6.184167067440915488e-02
1.300000000000000000e+01 5.000000000000000000e+00 1.141362030845847197e-01
1.300000000000000000e+01 6.000000000000000000e+00 1.846980232988510995e-01
1.300000000000000000e+01 7.000000000000000000e+00 2.724457663386620210e-01
1.300000000000000000e+01 8.000000000000000000e+00 3.746719609209934188e-01
1.300000000000000000e+01 9.000000000000000000e+00 4.870453302292864217e-01
1.300000000000000000e+01 1.000000000000000000e+01 6.036159215827193725e-01
1.300000000000000000e+01 1.100000000000000000e+01 7.168280257952704959e-01
1.300000000000000000e+01 1.200000000000000000e+01 8.175584365288190991e-01
1.300000000000000000e+01 1.300000000000000000e+01 8.952570018272937302e-01
1.300000000000000000e+01 1.400000000000000000e+01 9.386050016494019710e-01
1.300000000000000000e+01 1.500000000000000000e+01 9.386050016494019710e-01
1.300000000000000000e+01 1.600000000000000000e+01 8.952570018272937302e-01
1.300000000000000000e+01 1.700000000000000000e+01 8.175584365288192101e-01
1.300000000000000000e+01 1.800000000000000000e+01 7.168280257952704959e-01
1.300000000000000000e+01 1.900000000000000000e+01 6.036159215827193725e-01
1.300000000000000000e+01 2.000000000000000000e+01 4.870453302292862552e-01
1.300000000000000000e+01 2.100000000000000000e+01 3.746719609209934188e-01
1.300000000000000000e+01 2.200000000000000000e+01 2.724457663386622430e-01
1.300000000000000000e+01 2.300000000000000000e+01 1.846980232988510995e-01
1.300000000000000000e+01 2.400000000000000000e+01 1.141362030845847197e-01
1.300000000000000000e+01 2.500000000000000000e+01 6.184167067440959897e-02
1.300000000000000000e+01 2.600000000000000000e+01 2.726855099466107824e-02
1.300000000000000000e+01 2.700000000000000000e+01 8.243127010454154302e-03
1.300000000000000000e+01 2.800000000000000000e+01 9.635002693517691341e-04
1.300000000000000000e+01 2.900000000000000000e+01 0.000000000000000000e+00
1.400000000000000000e+01 0.000000000000000000e+00 0.000000000000000000e+00
1.400000000000000000e+01 1.000000000000000000e+00 1.210581771494467773e-03
1.400000000000000000e+01 2.000000000000000000e+00 9.275633125385596145e-03
1.400000000000000000e+01 3.000000000000000000e+00 2.962440871137661524e-02
1.400000000000000000e+01 4.000000000000000000e+00 6.605739627215645449e-02
1.400000000000000000e+01 5.000000000000000000e+00 1.207463184159487390e-01
1.400000000000000000e+01 6.000000000000000000e+00 1.942341370679098178e-01
1.400000000000000000e+01 7.000000000000000000e+00 2.854350614689891152e-01
1.400000000000000000e+01 8.000000000000000000e+00 3.916345635219735666e-01
1.400000000000000000e+01 9.000000000000000000e+00 5.084894097684911074e-01
1.400000000000000000e+01 1.000000000000000000e+01 6.300277356071014578e-01
1.400000000000000000e+01 1.100000000000000000e+01 7.486492449502240021e-01
1.400000000000000000e+01 1.200000000000000000e+01 8.551258774178743804e-01
1.400000000000000000e+01 1.300000000000000000e+01 9.386050016494019710e-01
1.400000000000000000e+01 1.400000000000000000e+01 9.866420773256189269e-01
1.400000000000000000e+01 1.500000000000000000e+01 9.866420773256189269e-01
1.400000000000000000e+01 1.600000000000000000e+01 9.386050016494019710e-01
1.400000000000000000e+01 1.700000000000000000e+01 8.551258774178744915e-01
1.400000000000000000e+01 1.800000000000000000e+01 7.486492449502240021e-01
1.400000000000000000e+01 1.900000000000000000e+01 6.300277356071014578e-01
1.400000000000000000e+01 2.000000000000000000e+01 5.084894097684909964e-01
1.400000000000000000e+01 2.100000000000000000e+01 3.916345635219735666e-01
1.400000000000000000e+01 2.200000000000000000e+01 2.854350614689892818e-01
1.400000000000000000e+01 2.300000000000000000e+01 1.942341370679098178e-01
1.400000000000000000e+01 2.400000000000000000e+01 1.207463184159487390e-01
1.400000000000000000e+01 2.500000000000000000e+01 6.605739627215656551e-02
1.400000000000000000e+01 2.600000000000000000e+01 2.962440871137661524e-02
1.400000000000000000e+01 2.700000000000000000e+01 9.275633125385596145e-03
1.400000000000000000e+01 2.800000000000000000e+01 1.210581771494467773e-03
1.400000000000000000e+01 2.900000000000000000e+01 0.000000000000000000e+00
1.500000000000000000e+01 0.000000000000000000e+00 0.000000000000000000e+00
1.500000000000000000e+01 1.000000000000000000e+00 1.210581771494467773e-03
1.500000000000000000e+01 2.000000000000000000e+00 9.275633125385596145e-03
1.500000000000000000e+01 3.000000000000000000e+00 2.962440871137661524e-02
1.500000000000000000e+01 4.000000000000000000e+00 6.605739627215645449e-02
1.500000000000000000e+01 5.000000000000000000e+00 1.207463184159487390e-01
1.500000000000000000e+01 6.000000000000000000e+00 1.942341370679098178e-01
1.500000000000000000e+01 7.000000000000000000e+00 2.854350614689891152e-01
1.500000000000000000e+01 8.000000000000000000e+00 3.916345635219735666e-01
1.500000000000000000e+01 9.000000000000000000e+00 5.084894097684911074e-01
1.500000000000000000e+01 1.000000000000000000e+01 6.300277356071014578e-01
1.500000000000000000e+01 1.100000000000000000e+01 7.486492449502240021e-01
1.500000000000000000e+01 1.200000000000000000e+01 8.551258774178743804e-01
1.500000000000000000e+01 1.300000000000000000e+01 9.386050016494019710e-01
1.500000000000000000e+01 1.400000000000000000e+01 9.866420773256189269e-01
1.500000000000000000e+01 1.500000000000000000e+01 9.866420773256189269e-01
1.500000000000000000e+01 1.600000000000000000e+01 9.386050016494019710e-01
1.500000000000000000e+01 1.700000000000000000e+01 8.551258774178744915e-01
1.500000000000000000e+01 1.800000000000000000e+01 7.486492449502240021e-01
1.500000000000000000e+01 1.900000000000000000e+01 6.300277356071014578e-01
1.500000000000000000e+01 2.000000000000000000e+01 5.084894097684909964e-01
1.500000000000000000e+01 2.100000000000000000e+01 3.916345635219735666e-01
1.500000000000000000e+01 2.200000000000000000e+01 2.854350614689892818e-01
1.500000000000000000e+01 2.300000000000000000e+01 1.942341370679098178e-01
1.500000000000000000e+01 2.400000000000000000e+01 1.207463184159487390e-01
1.500000000000000000e+01 2.500000000000000000e+01 6.605739627215656551e-02
1.500000000000000000e+01 2.600000000000000000e+01 2.962440871137661524e-02
1.500000000000000000e+01 2.700000000000000000e+01 9.275633125385596145e-03
1.500000000000000000e+01 2.800000000000000000e+01 1.210581771494467773e-03
1.500000000000000000e+01 2.900000000000000000e+01 0.000000000000000000e+00
1.600000000000000000e+01 0.000000000000000000e+00 0.000000000000000000e+00
1.600000000000000000e+01 1.000000000000000000e+00 9.635002693517691341e-04
1.600000000000000000e+01 2.000000000000000000e+00 8.243127010454154302e-03
1.600000000000000000e+01 3.000000000000000000e+00 2.726855099466107824e-02
1.600000000000000000e+01 4.000000000000000000e+00 6.184167067440915488e-02
1.600000000000000000e+01 5.000000000000000000e+00 1.141362030845847197e-01
1.600000000000000000e+01 6.000000000000000000e+00 1.846980232988510995e-01
1.600000000000000000e+01 7.000000000000000000e+00 2.724457663386620210e-01
1.600000000000000000e+01 8.000000000000000000e+00 3.746719609209934188e-01
1.600000000000000000e+01 9.000000000000000000e+00 4.870453302292864217e-01
1.600000000000000000e+01 1.000000000000000000e+01 6.036159215827193725e-01
1.600000000000000000e+01 1.100000000000000000e+01 7.168280257952704959e-01
1.600000000000000000e+01 1.200000000000000000e+01 8.175584365288190991e-01
1.600000000000000000e+01 1.300000000000000000e+01 8.952570018272937302e-01
1.600000000000000000e+01 1.400000000000000000e+01 9.386050016494019710e-01
1.600000000000000000e+01 1.500000000000000000e+01 9.386050016494019710e-01
1.600000000000000000e+01 1.600000000000000000e+01 8.952570018272937302e-01
1.600000000000000000e+01 1.700000000000000000e+01 8.175584365288192101e-01
1.600000000000000000e+01 1.800000000000000000e+01 7.168280257952704959e-01
1.600000000000000000e+01 1.900000000000000000e+01 6.036159215827193725e-01
1.600000000000000000e+01 2.000000000000000000e+01 4.870453302292862552e-01
1.600000000000000000e+01 2.100000000000000000e+01 3.746719609209934188e-01
1.600000000000000000e+01 2.200000000000000000e+01 2.724457663386622430e-01
1.600000000000000000e+01 2.300000000000000000e+01 1.846980232988510995e-01
1.600000000000000000e+01 2.400000000000000000e+01 1.141362030845847197e-01
1.600000000000000000e+01 2.500000000000000000e+01 6.184167067440959897e-02
1.600000000000000000e+01 2.600000000000000000e+01 2.726855099466107824e-02
1.600000000000000000e+01 2.700000000000000000e+01 8.243127010454154302e-03
1.600000000000000000e+01 2.800000000000000000e+01 9.635002693517691341e-04
1.600000000000000000e+01 2.900000000000000000e+01 0.000000000000000000e+00
1.700000000000000000e+01 0.000000000000000000e+00 0.000000000000000000e+00
1.700000000000000000e+01 1.000000000000000000e+00 5.761838077629199972e-04
1.700000000000000000e+01 2.000000000000000000e+00 6.421370359106948200e-03
1.700000000000000000e+01 3.000000000000000000e+00 2.295951932132545004e-02
1.700000000000000000e+01 4.000000000000000000e+00 5.400163070109975649e-02
1.700000000000000000e+01 5.000000000000000000e+00 1.017341621553510267e-01
1.700000000000000000e+01 6.000000000000000000e+00 1.667213580522719507e-01
1.700000000000000000e+01 7.000000000000000000e+00 2.479092771456184452e-01
1.700000000000000000e+01 8.000000000000000000e+00 3.426331254190383979e-01
1.700000000000000000e+01 9.000000000000000000e+00 4.466314424077494349e-01
1.700000000000000000e+01 1.000000000000000000e+01 5.540755886658237372e-01
1.700000000000000000e+01 1.100000000000000000e+01 6.576363852338573679e-01
1.700000000000000000e+01 1.200000000000000000e+01 7.486492449502243351e-01
1.700000000000000000e+01 1.300000000000000000e+01 8.175584365288192101e-01
1.700000000000000000e+01 1.400000000000000000e+01 8.551258774178744915e-01
1.700000000000000000e+01 1.500000000000000000e+01 8.551258774178744915e-01
1.700000000000000000e+01 1.600000000000000000e+01 8.175584365288192101e-01
1.700000000000000000e+01 1.700000000000000000e+01 7.486492449502245572e-01
1.700000000000000000e+01 1.800000000000000000e+01 6.576363852338573679e-01
1.700000000000000000e+01 1.900000000000000000e+01 5.540755886658237372e-01
1.700000000000000000e+01 2.000000000000000000e+01 4.466314424077493239e-01
1.700000000000000000e+01 2.100000000000000000e+01 3.426331254190383979e-01
1.700000000000000000e+01 2.200000000000000000e+01 2.479092771456184452e-01
1.700000000000000000e+01 2.300000000000000000e+01 1.667213580522719507e-01
1.700000000000000000e+01 2.400000000000000000e+01 1.017341621553510267e-01
1.700000000000000000e+01 2.500000000000000000e+01 5.400163070110042263e-02
1.700000000000000000e+01 2.600000000000000000e+01 2.295951932132545004e-02
1.700000000000000000e+01 2.700000000000000000e+01 6.421370359106948200e-03
1.700000000000000000e+01 2.800000000000000000e+01 5.761838077620318188e-04
1.700000000000000000e+01 2.900000000000000000e+01 0.000000000000000000e+00
1.800000000000000000e+01 0.000000000000000000e+00 0.000000000000000000e+00
1.800000000000000000e+01 1.000000000000000000e+00 2.163217007393747338e-04
1.800000000000000000e+01 2.000000000000000000e+00 4.239321037362575595e-03
1.800000000000000000e+01 3.000000000000000000e+00 1.742941153474131255e-02
1.800000000000000000e+01 4.000000000000000000e+00 4.362491125251399815e-02
1.800000000000000000e+01 5.000000000000000000e+00 8.504993670526095340e-02
1.800000000000000000e+01 6.000000000000000000e+00 1.423219614150980084e-01
1.800000000000000000e+01 7.000000000000000000e+00 2.144644497299764141e-01
1.800000000000000000e+01 8.000000000000000000e+00 2.989288431251008182e-01
1.800000000000000000e+01 9.000000000000000000e+00 3.916345635219735666e-01
1.800000000000000000e+01 1.000000000000000000e+01 4.870453302292864217e-01
1.800000000000000000e+01 1.100000000000000000e+01 5.783216527501836568e-01
1.800000000000000000e+01 1.200000000000000000e+01 6.576363852338572569e-01
1.800000000000000000e+01 1.300000000000000000e+01 7.168280257952704959e-01
1.800000000000000000e+01 1.400000000000000000e+01 7.486492449502240021e-01
1.800000000000000000e+01 1.500000000000000000e+01 7.486492449502240021e-01
1.800000000000000000e+01 1.600000000000000000e+01 7.168280257952704959e-01
1.800000000000000000e+01 1.700000000000000000e+01 6.576363852338573679e-01
1.800000000000000000e+01 1.800000000000000000e+01 5.783216527501836568e-01
1.800000000000000000e+01 1.900000000000000000e+01 4.870453302292864217e-01
1.800000000000000000e+01 2.000000000000000000e+01 3.916345635219733445e-01
1.800000000000000000e+01 2.100000000000000000e+01 2.989288431251008182e-01
1.800000000000000000e+01 2.200000000000000000e+01 2.144644497299768582e-01
1.800000000000000000e+01 2.300000000000000000e+01 1.423219614150980084e-01
1.800000000000000000e+01 2.400000000000000000e+01 8.504993670526095340e-02
1.800000000000000000e+01 2.500000000000000000e+01 4.362491125251510837e-02
1.800000000000000000e+01 2.600000000000000000e+01 1.742941153474131255e-02
1.800000000000000000e+01 2.700000000000000000e+01 4.239321037362575595e-03
1.800000000000000000e+01 2.800000000000000000e+01 2.163217007384865553e-04
1.800000000000000000e+01 2.900000000000000000e+01 0.000000000000000000e+00
1.900000000000000000e+01 0.000000000000000000e+00 0.000000000000000000e+00
1.900000000000000000e+01 1.000000000000000000e+00 2.539455969596815521e-05
1.900000000000000000e+01 2.000000000000000000e+00 2.203687708311807825e-03
1.900000000000000000e+01 3.000000000000000000e+00 1.160381875246985217e-02
1.900000000000000000e+01 4.000000000000000000e+00 3.212126246517033046e-02
1.900000000000000000e+01 5.000000000000000000e+00 6.605739627215656551e-02
1.900000000000000000e+01 6.000000000000000000e+00 1.141362030845847197e-01
1.900000000000000000e+01 7.000000000000000000e+00 1.755310983280656267e-01
1.900000000000000000e+01 8.000000000000000000e+00 2.479092771456184452e-01
1.900000000000000000e+01 9.000000000000000000e+00 3.275071517431631385e-01
1.900000000000000000e+01 1.000000000000000000e+01 4.092619803926213495e-01
1.900000000000000000e+01 1.100000000000000000e+01 4.870453302292864217e-01
1.900000000000000000e+01 1.200000000000000000e+01 5.540755886658235152e-01
1.900000000000000000e+01 1.300000000000000000e+01 6.036159215827193725e-01
1.900000000000000000e+01 1.400000000000000000e+01 6.300277356071014578e-01
1.900000000000000000e+01 1.500000000000000000e+01 6.300277356071014578e-01
1.900000000000000000e+01 1.600000000000000000e+01 6.036159215827193725e-01
1.900000000000000000e+01 1.700000000000000000e+01 5.540755886658237372e-01
1.900000000000000000e+01 1.800000000000000000e+01 4.870453302292864217e-01
1.900000000000000000e+01 1.900000000000000000e+01 4.092619803926213495e-01
1.900000000000000000e+01 2.000000000000000000e+01 3.275071517431628054e-01
1.900000000000000000e+01 2.100000000000000000e+01 2.479092771456184452e-01
1.900000000000000000e+01 2.200000000000000000e+01 1.755310983280659598e-01
1.900000000000000000e+01 2.300000000000000000e+01 1.141362030845847197e-01
1.900000000000000000e+01 2.400000000000000000e+01 6.605739627215656551e-02
1.900000000000000000e+01 2.500000000000000000e+01 3.212126246517055250e-02
1.900000000000000000e+01 2.600000000000000000e+01 1.160381875246985217e-02
1.900000000000000000e+01 2.700000000000000000e+01 2.203687708311807825e-03
1.900000000000000000e+01 2.800000000000000000e+01 2.539455969641224442e-05
1.900000000000000000e+01 2.900000000000000000e+01 0.000000000000000000e+00
2.000000000000000000e+01 0.000000000000000000e+00 0.000000000000000000e+00
2.000000000000000000e+01 1.000000000000000000e+00 0.000000000000000000e+00
2.000000000000000000e+01 2.000000000000000000e+00 7.530729901565891282e-04
2.000000000000000000e+01 3.000000000000000000e+00 6.421370359106948200e-03
2.000000000000000000e+01 4.000000000000000000e+00 2.099647062441833967e-02
2.000000000000000000e+01 5.000000000000000000e+00 4.690756445146848641e-02
2.000000000000000000e+01 6.000000000000000000e+00 8.504993670526106442e-02
2.000000000000000000e+01 7.000000000000000000e+00 1.348297373798065246e-01
2.000000000000000000e+01 8.000000000000000000e+00 1.942341370679098178e-01
2.000000000000000000e+01 9.000000000000000000e+00 2.599428921526601433e-01
2.000000000000000000e+01 1.000000000000000000e+01 3.275071517431628054e-01
2.000000000000000000e+01 1.100000000000000000e+01 3.916345635219733445e-01
2.000000000000000000e+01 1.200000000000000000e+01 4.466314424077491574e-01
2.000000000000000000e+01 1.300000000000000000e+01 4.870453302292862552e-01
2.000000000000000000e+01 1.400000000000000000e+01 5.084894097684909964e-01
2.000000000000000000e+01 1.500000000000000000e+01 5.084894097684909964e-01
2.000000000000000000e+01 1.600000000000000000e+01 4.870453302292862552e-01
2.000000000000000000e+01 1.700000000000000000e+01 4.466314424077493239e-01
2.000000000000000000e+01 1.800000000000000000e+01 3.916345635219733445e-01
2.000000000000000000e+01 1.900000000000000000e+01 3.275071517431628054e-01
2.000000000000000000e+01 2.000000000000000000e+01 2.599428921526596992e-01
2.000000000000000000e+01 2.100000000000000000e+01 1.942341370679098178e-01
2.000000000000000000e+01 2.200000000000000000e+01 1.348297373798065246e-01
2.000000000000000000e+01 2.300000000000000000e+01 8.504993670526106442e-02
2.000000000000000000e+01 2.400000000000000000e+01 4.690756445146848641e-02
2.000000000000000000e+01 2.500000000000000000e+01 2.099647062441745149e-02
2.000000000000000000e+01 2.600000000000000000e+01 6.421370359106948200e-03
2.000000000000000000e+01 2.700000000000000000e+01 7.530729901565891282e-04
2.000000000000000000e+01 2.800000000000000000e+01 0.000000000000000000e+00
2.000000000000000000e+01 2.900000000000000000e+01 0.000000000000000000e+00
2.100000000000000000e+01 0.000000000000000000e+00 0.000000000000000000e+00
2.100000000000000000e+01 1.000000000000000000e+00 0.000000000000000000e+00
2.100000000000000000e+01 2.000000000000000000e+00 8.915394740682813790e-05
2.100000000000000000e+01 3.000000000000000000e+00 2.629590612044818698e-03
2.100000000000000000e+01 4.000000000000000000e+00 1.160381875246985217e-02
2.100000000000000000e+01 5.000000000000000000e+00 2.962440871137728138e-02
2.100000000000000000e+01 6.000000000000000000e+00 5.782525262883897454e-02
2.100000000000000000e+01 7.000000000000000000e+00 9.592509019590489405e-02
2.100000000000000000e+01 8.000000000000000000e+00 1.423219614150980084e-01
2.100000000000000000e+01 9.000000000000000000e+00 1.942341370679097068e-01
2.100000000000000000e+01 1.000000000000000000e+01 2.479092771456184452e-01
2.100000000000000000e+01 1.100000000000000000e+01 2.989288431251008182e-01
2.100000000000000000e+01 1.200000000000000000e+01 3.426331254190382314e-01
2.100000000000000000e+01 1.300000000000000000e+01 3.746719609209934188e-01
2.100000000000000000e+01 1.400000000000000000e+01 3.916345635219735666e-01
2.100000000000000000e+01 1.500000000000000000e+01 3.916345635219735666e-01
2.100000000000000000e+01 1.600000000000000000e+01 3.746719609209934188e-01
2.100000000000000000e+01 1.700000000000000000e+01 3.426331254190383979e-01
2.100000000000000000e+01 1.800000000000000000e+01 2.989288431251008182e-01
2.100000000000000000e+01 1.900000000000000000e+01 2.479092771456184452e-01
2.100000000000000000e+01 2.000000000000000000e+01 1.942341370679098178e-01
2.100000000000000000e+01 2.100000000000000000e+01 1.423219614150980084e-01
2.100000000000000000e+01 2.200000000000000000e+01 9.592509019590500507e-02
2.100000000000000000e+01 2.300000000000000000e+01 5.782525262883897454e-02
2.100000000000000000e+01 2.400000000000000000e+01 2.962440871137728138e-02
2.100000000000000000e+01 2.500000000000000000e+01 1.160381875247029626e-02
2.100000000000000000e+01 2.600000000000000000e+01 2.629590612044818698e-03
2.100000000000000000e+01 2.700000000000000000e+01 8.915394740682813790e-05
2.100000000000000000e+01 2.800000000000000000e+01 0.000000000000000000e+00
2.100000000000000000e+01 2.900000000000000000e+01 0.000000000000000000e+00
2.200000000000000000e+01 0.000000000000000000e+00 0.000000000000000000e+00
2.200000000000000000e+01 1.000000000000000000e+00 0.000000000000000000e+00
2.200000000000000000e+01 2.000000000000000000e+00 0.000000000000000000e+00
2.200000000000000000e+01 3.000000000000000000e+00 5.761838077629199972e-04
2.200000000000000000e+01 4.000000000000000000e+00 4.898258236643027175e-03
2.200000000000000000e+01 5.000000000000000000e+00 1.581614361142458236e-02
2.200000000000000000e+01 6.000000000000000000e+00 3.476433340042439646e-02
2.200000000000000000e+01 7.000000000000000000e+00 6.184167067440959897e-02
2.200000000000000000e+01 8.000000000000000000e+00 9.592509019590500507e-02
2.200000000000000000e+01 9.000000000000000000e+00 1.348297373798059695e-01
2.200000000000000000e+01 1.000000000000000000e+01 1.755310983280659598e-01
2.200000000000000000e+01 1.100000000000000000e+01 2.144644497299768582e-01
2.200000000000000000e+01 1.200000000000000000e+01 2.479092771456184452e-01
2.200000000000000000e+01 1.300000000000000000e+01 2.724457663386622430e-01
2.200000000000000000e+01 1.400000000000000000e+01 2.854350614689892818e-01
2.200000000000000000e+01 1.500000000000000000e+01 2.854350614689892818e-01
2.200000000000000000e+01 1.600000000000000000e+01 2.724457663386622430e-01
2.200000000000000000e+01 1.700000000000000000e+01 2.479092771456184452e-01
2.200000000000000000e+01 1.800000000000000000e+01 2.144644497299768582e-01
2.200000000000000000e+01 1.900000000000000000e+01 1.755310983280659598e-01
2.200000000000000000e+01 2.000000000000000000e+01 1.348297373798065246e-01
2.200000000000000000e+01 2.100000000000000000e+01 9.592509019590500507e-02
2.200000000000000000e+01 2.200000000000000000e+01 6.184167067440959897e-02
2.200000000000000000e+01 2.300000000000000000e+01 3.476433340042439646e-02
2.200000000000000000e+01 2.400000000000000000e+01 1.581614361142458236e-02
2.200000000000000000e+01 2.500000000000000000e+01 4.898258236642361041e-03
2.200000000000000000e+01 2.600000000000000000e+01 5.761838077629199972e-04
2.200000000000000000e+01 2.700000000000000000e+01 0.000000000000000000e+00
2.200000000000000000e+01 2.800000000000000000e+01 0.000000000000000000e+00
2.200000000000000000e+01 2.900000000000000000e+01 0.000000000000000000e+00
2.300000000000000000e+01 0.000000000000000000e+00 0.000000000000000000e+00
2.300000000000000000e+01 1.000000000000000000e+00 0.000000000000000000e+00
2.300000000000000000e+01 2.000000000000000000e+00 0.000000000000000000e+00
2.300000000000000000e+01 3.000000000000000000e+00 1.033375291159543963e-05
2.300000000000000000e+01 4.000000000000000000e+00 1.210581771495355952e-03
2.300000000000000000e+01 5.000000000000000000e+00 6.421370359106948200e-03
2.300000000000000000e+01 6.000000000000000000e+00 1.742941153474131255e-02
2.300000000000000000e+01 7.000000000000000000e+00 3.476433340042328624e-02
2.300000000000000000e+01 8.000000000000000000e+00 5.782525262883897454e-02
2.300000000000000000e+01 9.000000000000000000e+00 8.504993670526095340e-02
2.300000000000000000e+01 1.000000000000000000e+01 1.141362030845847197e-01
2.300000000000000000e+01 1.100000000000000000e+01 1.423219614150980084e-01
2.300000000000000000e+01 1.200000000000000000e+01 1.667213580522719507e-01
2.300000000000000000e+01 1.300000000000000000e+01 1.846980232988510995e-01
2.300000000000000000e+01 1.400000000000000000e+01 1.942341370679098178e-01
2.300000000000000000e+01 1.500000000000000000e+01 1.942341370679098178e-01
2.300000000000000000e+01 1.600000000000000000e+01 1.846980232988510995e-01
2.300000000000000000e+01 1.700000000000000000e+01 1.667213580522719507e-01
2.300000000000000000e+01 1.800000000000000000e+01 1.423219614150980084e-01
2.300000000000000000e+01 1.900000000000000000e+01 1.141362030845847197e-01
2.300000000000000000e+01 2.000000000000000000e+01 8.504993670526106442e-02
2.300000000000000000e+01 2.100000000000000000e+01 5.782525262883897454e-02
2.300000000000000000e+01 2.200000000000000000e+01 3.476433340042439646e-02
2.300000000000000000e+01 2.300000000000000000e+01 1.742941153474131255e-02
2.300000000000000000e+01 2.400000000000000000e+01 6.421370359106948200e-03
2.300000000000000000e+01 2.500000000000000000e+01 1.210581771494467773e-03
2.300000000000000000e+01 2.600000000000000000e+01 1.033375291159543963e-05
2.300000000000000000e+01 2.700000000000000000e+01 0.000000000000000000e+00
2.300000000000000000e+01 2.800000000000000000e+01 0.000000000000000000e+00
2.300000000000000000e+01 2.900000000000000000e+01 0.000000000000000000e+00
2.400000000000000000e+01 0.000000000000000000e+00 0.000000000000000000e+00
2.400000000000000000e+01 1.000000000000000000e+00 0.000000000000000000e+00
2.400000000000000000e+01 2.000000000000000000e+00 0.000000000000000000e+00
2.400000000000000000e+01 3.000000000000000000e+00 0.000000000000000000e+00
2.400000000000000000e+01 4.000000000000000000e+00 5.075048450464691996e-05
2.400000000000000000e+01 5.000000000000000000e+00 1.497484709918950330e-03
2.400000000000000000e+01 6.000000000000000000e+00 6.421370359106948200e-03
2.400000000000000000e+01 7.000000000000000000e+00 1.581614361142391623e-02
2.400000000000000000e+01 8.000000000000000000e+00 2.962440871137728138e-02
2.400000000000000000e+01 9.000000000000000000e+00 4.690756445146859743e-02
2.400000000000000000e+01 1.000000000000000000e+01 6.605739627215656551e-02
2.400000000000000000e+01 1.100000000000000000e+01 8.504993670526095340e-02
2.400000000000000000e+01 1.200000000000000000e+01 1.017341621553510267e-01
2.400000000000000000e+01 1.300000000000000000e+01 1.141362030845847197e-01
2.400000000000000000e+01 1.400000000000000000e+01 1.207463184159487390e-01
2.400000000000000000e+01 1.500000000000000000e+01 1.207463184159487390e-01
2.400000000000000000e+01 1.600000000000000000e+01 1.141362030845847197e-01
2.400000000000000000e+01 1.700000000000000000e+01 1.017341621553510267e-01
2.400000000000000000e+01 1.800000000000000000e+01 8.504993670526095340e-02
2.400000000000000000e+01 1.900000000000000000e+01 6.605739627215656551e-02
2.400000000000000000e+01 2.000000000000000000e+01 4.690756445146848641e-02
2.400000000000000000e+01 2.100000000000000000e+01 2.962440871137728138e-02
2.400000000000000000e+01 2.200000000000000000e+01 1.581614361142458236e-02
2.400000000000000000e+01 2.300000000000000000e+01 6.421370359106948200e-03
2.400000000000000000e+01 2.400000000000000000e+01 1.497484709918950330e-03
2.400000000000000000e+01 2.500000000000000000e+01 5.075048450464691996e-05
2.400000000000000000e+01 2.600000000000000000e+01 0.000000000000000000e+00
2.400000000000000000e+01 2.700000000000000000e+01 0.000000000000000000e+00
2.400000000000000000e+01 2.800000000000000000e+01 0.000000000000000000e+00
2.400000000000000000e+01 2.900000000000000000e+01 0.000000000000000000e+00
2.500000000000000000e+01 0.000000000000000000e+00 0.000000000000000000e+00
2.500000000000000000e+01 1.000000000000000000e+00 0.000000000000000000e+00
2.500000000000000000e+01 2.000000000000000000e+00 0.000000000000000000e+00
2.500000000000000000e+01 3.000000000000000000e+00 0.000000000000000000e+00
2.500000000000000000e+01 4.000000000000000000e+00 0.000000000000000000e+00
2.500000000000000000e+01 5.000000000000000000e+00 5.075048450464691996e-05
2.500000000000000000e+01 6.000000000000000000e+00 1.210581771494467773e-03
2.500000000000000000e+01 7.000000000000000000e+00 4.898258236642361041e-03
2.500000000000000000e+01 8.000000000000000000e+00 1.160381875247029626e-02
2.500000000000000000e+01 9.000000000000000000e+00 2.099647062441811762e-02
2.500000000000000000e+01 1.000000000000000000e+01 3.212126246517055250e-02
2.500000000000000000e+01 1.100000000000000000e+01 4.362491125251510837e-02
2.500000000000000000e+01 1.200000000000000000e+01 5.400163070110042263e-02
2.500000000000000000e+01 1.300000000000000000e+01 6.184167067440959897e-02
2.500000000000000000e+01 1.400000000000000000e+01 6.605739627215656551e-02
2.500000000000000000e+01 1.500000000000000000e+01 6.605739627215656551e-02
2.500000000000000000e+01 1.600000000000000000e+01 6.184167067440959897e-02
2.500000000000000000e+01 1.700000000000000000e+01 5.400163070110042263e-02
2.500000000000000000e+01 1.800000000000000000e+01 4.362491125251510837e-02
2.500000000000000000e+01 1.900000000000000000e+01 3.212126246517055250e-02
2.500000000000000000e+01 2.000000000000000000e+01 2.099647062441745149e-02
2.500000000000000000e+01 2.100000000000000000e+01 1.160381875247029626e-02
2.500000000000000000e+01 2.200000000000000000e+01 4.898258236642361041e-03
2.500000000000000000e+01 2.300000000000000000e+01 1.210581771494467773e-03
2.500000000000000000e+01 2.400000000000000000e+01 5.075048450464691996e-05
2.500000000000000000e+01 2.500000000000000000e+01 0.000000000000000000e+00
2.500000000000000000e+01 2.600000000000000000e+01 0.000000000000000000e+00
2.500000000000000000e+01 2.700000000000000000e+01 0.000000000000000000e+00
2.500000000000000000e+01 2.800000000000000000e+01 0.000000000000000000e+00
2.500000000000000000e+01 2.900000000000000000e+01 0.000000000000000000e+00
2.600000000000000000e+01 0.000000000000000000e+00 0.000000000000000000e+00
2.600000000000000000e+01 1.000000000000000000e+00 0.000000000000000000e+00
2.600000000000000000e+01 2.000000000000000000e+00 0.000000000000000000e+00
2.600000000000000000e+01 3.000000000000000000e+00 0.000000000000000000e+00
2.600000000000000000e+01 4.000000000000000000e+00 0.000000000000000000e+00
2.600000000000000000e+01 5.000000000000000000e+00 0.000000000000000000e+00
2.600000000000000000e+01 6.000000000000000000e+00 1.033375291159543963e-05
2.600000000000000000e+01 7.000000000000000000e+00 5.761838077615877296e-04
2.600000000000000000e+01 8.000000000000000000e+00 2.629590612044818698e-03
2.600000000000000000e+01 9.000000000000000000e+00 6.421370359106948200e-03
2.600000000000000000e+01 1.000000000000000000e+01 1.160381875246985217e-02
2.600000000000000000e+01 1.100000000000000000e+01 1.742941153474131255e-02
2.600000000000000000e+01 1.200000000000000000e+01 2.295951932132545004e-02
2.600000000000000000e+01 1.300000000000000000e+01 2.726855099466107824e-02
2.600000000000000000e+01 1.400000000000000000e+01 2.962440871137661524e-02
2.600000000000000000e+01 1.500000000000000000e+01 2.962440871137661524e-02
2.600000000000000000e+01 1.600000000000000000e+01 2.726855099466107824e-02
2.600000000000000000e+01 1.700000000000000000e+01 2.295951932132545004e-02
2.600000000000000000e+01 1.800000000000000000e+01 1.742941153474131255e-02
2.600000000000000000e+01 1.900000000000000000e+01 1.160381875246985217e-02
2.600000000000000000e+01 2.000000000000000000e+01 6.421370359106948200e-03
2.600000000000000000e+01 2.100000000000000000e+01 2.629590612044818698e-03
2.600000000000000000e+01 2.200000000000000000e+01 5.761838077629199972e-04
2.600000000000000000e+01 2.300000000000000000e+01 1.033375291159543963e-05
2.600000000000000000e+01 2.400000000000000000e+01 0.000000000000000000e+00
2.600000000000000000e+01 2.500000000000000000e+01 0.000000000000000000e+00
2.600000000000000000e+01 2.600000000000000000e+01 0.000000000000000000e+00
2.600000000000000000e+01 2.700000000000000000e+01 0.000000000000000000e+00
2.600000000000000000e+01 2.800000000000000000e+01 0.000000000000000000e+00
2.600000000000000000e+01 2.900000000000000000e+01 0.000000000000000000e+00
2.700000000000000000e+01 0.000000000000000000e+00 0.000000000000000000e+00
2.700000000000000000e+01 1.000000000000000000e+00 0.000000000000000000e+00
2.700000000000000000e+01 2.000000000000000000e+00 0.000000000000000000e+00
2.700000000000000000e+01 3.000000000000000000e+00 0.000000000000000000e+00
2.700000000000000000e+01 4.000000000000000000e+00 0.000000000000000000e+00
2.700000000000000000e+01 5.000000000000000000e+00 0.000000000000000000e+00
2.700000000000000000e+01 6.000000000000000000e+00 0.000000000000000000e+00
2.700000000000000000e+01 7.000000000000000000e+00 0.000000000000000000e+00
2.700000000000000000e+01 8.000000000000000000e+00 8.915394740682813790e-05
2.700000000000000000e+01 9.000000000000000000e+00 7.530729901565891282e-04
2.700000000000000000e+01 1.000000000000000000e+01 2.203687708311807825e-03
2.700000000000000000e+01 1.100000000000000000e+01 4.239321037362575595e-03
2.700000000000000000e+01 1.200000000000000000e+01 6.421370359106948200e-03
2.700000000000000000e+01 1.300000000000000000e+01 8.243127010454154302e-03
2.700000000000000000e+01 1.400000000000000000e+01 9.275633125385596145e-03
2.700000000000000000e+01 1.500000000000000000e+01 9.275633125385596145e-03
2.700000000000000000e+01 1.600000000000000000e+01 8.243127010454154302e-03
2.700000000000000000e+01 1.700000000000000000e+01 6.421370359106948200e-03
2.700000000000000000e+01 1.800000000000000000e+01 4.239321037362575595e-03
2.700000000000000000e+01 1.900000000000000000e+01 2.203687708311807825e-03
2.700000000000000000e+01 2.000000000000000000e+01 7.530729901565891282e-04
2.700000000000000000e+01 2.100000000000000000e+01 8.915394740682813790e-05
2.700000000000000000e+01 2.200000000000000000e+01 0.000000000000000000e+00
2.700000000000000000e+01 2.300000000000000000e+01 0.000000000000000000e+00
2.700000000000000000e+01 2.400000000000000000e+01 0.000000000000000000e+00
2.700000000000000000e+01 2.500000000000000000e+01 0.000000000000000000e+00
2.700000000000000000e+01 2.600000000000000000e+01 0.000000000000000000e+00
2.700000000000000000e+01 2.700000000000000000e+01 0.000000000000000000e+00
2.700000000000000000e+01 2.800000000000000000e+01 0.000000000000000000e+00
2.700000000000000000e+01 2.900000000000000000e+01 0.000000000000000000e+00
2.800000000000000000e+01 0.000000000000000000e+00 0.000000000000000000e+00
2.800000000000000000e+01 1.000000000000000000e+00 0.000000000000000000e+00
2.800000000000000000e+01 2.000000000000000000e+00 0.000000000000000000e+00
2.800000000000000000e+01 3.000000000000000000e+00 0.000000000000000000e+00
2.800000000000000000e+01 4.000000000000000000e+00 0.000000000000000000e+00
2.800000000000000000e+01 5.000000000000000000e+00 0.000000000000000000e+00
2.800000000000000000e+01 6.000000000000000000e+00 0.000000000000000000e+00
2.800000000000000000e+01 7.000000000000000000e+00 0.000000000000000000e+00
2.800000000000000000e+01 8.000000000000000000e+00 0.000000000000000000e+00
2.800000000000000000e+01 9.000000000000000000e+00 0.000000000000000000e+00
2.800000000000000000e+01 1.000000000000000000e+01 2.539455969641224442e-05
2.800000000000000000e+01 1.100000000000000000e+01 2.163217007384865553e-04
2.800000000000000000e+01 1.200000000000000000e+01 5.761838077620318188e-04
2.800000000000000000e+01 1.300000000000000000e+01 9.635002693517691341e-04
2.800000000000000000e+01 1.400000000000000000e+01 1.210581771494467773e-03
2.800000000000000000e+01 1.500000000000000000e+01 1.210581771494467773e-03
2.800000000000000000e+01 1.600000000000000000e+01 9.635002693517691341e-04
2.800000000000000000e+01 1.700000000000000000e+01 5.761838077620318188e-04
2.800000000000000000e+01 1.800000000000000000e+01 2.163217007384865553e-04
2.800000000000000000e+01 1.900000000000000000e+01 2.539455969641224442e-05
2.800000000000000000e+01 2.000000000000000000e+01 0.000000000000000000e+00
2.800000000000000000e+01 2.100000000000000000e+01 0.000000000000000000e+00
2.800000000000000000e+01 2.200000000000000000e+01 0.000000000000000000e+00
2.800000000000000000e+01 2.300000000000000000e+01 0.000000000000000000e+00
2.800000000000000000e+01 2.400000000000000000e+01 0.000000000000000000e+00
2.800000000000000000e+01 2.500000000000000000e+01 0.000000000000000000e+00
2.800000000000000000e+01 2.600000000000000000e+01 0.000000000000000000e+00
2.800000000000000000e+01 2.700000000000000000e+01 0.000000000000000000e+00
2.800000000000000000e+01 2.800000000000000000e+01 0.000000000000000000e+00
2.800000000000000000e+01 2.900000000000000000e+01 0.000000000000000000e+00
2.900000000000000000e+01 0.000000000000000000e+00 0.000000000000000000e+00
2.900000000000000000e+01 1.000000000000000000e+00 0.000000000000000000e+00
2.900000000000000000e+01 2.000000000000000000e+00 0.000000000000000000e+00
2.900000000000000000e+01 3.000000000000000000e+00 0.000000000000000000e+00
2.900000000000000000e+01 4.000000000000000000e+00 0.000000000000000000e+00
2.900000000000000000e+01 5.000000000000000000e+00 0.000000000000000000e+00
2.900000000000000000e+01 6.000000000000000000e+00 0.000000000000000000e+00
2.900000000000000000e+01 7.000000000000000000e+00 0.000000000000000000e+00
2.900000000000000000e+01 8.000000000000000000e+00 0.000000000000000000e+00
2.900000000000000000e+01 9.000000000000000000e+00 0.000000000000000000e+00
2.900000000000000000e+01 1.000000000000000000e+01 0.000000000000000000e+00
2.900000000000000000e+01 1.100000000000000000e+01 0.000000000000000000e+00
2.900000000000000000e+01 1.200000000000000000e+01 0.000000000000000000e+00
2.900000000000000000e+01 1.300000000000000000e+01 0.000000000000000000e+00
2.900000000000000000e+01 1.400000000000000000e+01 0.000000000000000000e+00
2.900000000000000000e+01 1.500000000000000000e+01 0.000000000000000000e+00
2.900000000000000000e+01 1.600000000000000000e+01 0.000000000000000000e+00
2.900000000000000000e+01 1.700000000000000000e+01 0.000000000000000000e+00
2.900000000000000000e+01 1.800000000000000000e+01 0.000000000000000000e+00
2.900000000000000000e+01 1.900000000000000000e+01 0.000000000000000000e+00
2.900000000000000000e+01 2.000000000000000000e+01 0.000000000000000000e+00
2.900000000000000000e+01 2.100000000000000000e+01 0.000000000000000000e+00
2.900000000000000000e+01 2.200000000000000000e+01 0.000000000000000000e+00
2.900000000000000000e+01 2.300000000000000000e+01 0.000000000000000000e+00
2.900000000000000000e+01 2.400000000000000000e+01 0.000000000000000000e+00
2.900000000000000000e+01 2.500000000000000000e+01 0.000000000000000000e+00
2.900000000000000000e+01 2.600000000000000000e+01 0.000000000000000000e+00
2.900000000000000000e+01 2.700000000000000000e+01 0.000000000000000000e+00
2.900000000000000000e+01 2.800000000000000000e+01 0.000000000000000000e+00
2.900000000000000000e+01 2.900000000000000000e+01 0.000000000000000000e+00
